ENTITY,MODEL,STATUS,LOT#,OPER,PRODUCT,BOND ID,OUTPLAN,IN TIME,CUST,PIN_PKG,WIP,PM,Lot Part Id,Lot Urgent Code,Last Wip Lot,Last Pin Package,Last Cust,Last bd id,Last Part ID,G.UPH,wip_outplan_time
BB211,UTC3000,IDLE,,,,AAW024XJ6011B,,22-01-14 06:45,,,,01/25/2022 MP,,,R02AWGH01,STBGA24A4L,MXIC,AAW024XJ6011B,1091A07T41,311.0338,
BB212,UTC3000,RUNNING,R02BUA603,2200,084UCBU006,ABU084CC2004B,22-01-15 03:28,22-01-14 12:10,ICSI,FBGA-84UC(2),5600,,,,R02BUA702,FBGA-84UC(2),ICSI,ABU084CC2004B,1091A07C21,365.9533,2022-01-15 03:28:28
BB213,UTC3000,IDLE,,,,AAW024XJ6010B,,22-01-14 00:53,,,,,,,R02AWFP02,STBGA24A4L,MXIC,AAW024XJ6010B,1091A07T41,342.7166,
BB214,UTC3000,SETUP,R02AWCH08,2200,048TPAW086,AAW048TP1041B,22-01-14 15:53,22-01-14 15:23,MXIC,TSOP1-48/M2,720,,1091A08T41,,R02AWBG06,TSOP1-48/M2,MXIC,AAW048TP1041B,1091A08T41,77.5263,2022-01-14 13:46:21
BB215,UTC3000,RUNNING,R02BUA602,2200,084UCBU006,ABU084CC2004B,22-01-15 05:03,22-01-14 13:50,ICSI,FBGA-84UC(2),5568,,,,R02BUAV03,FBGA-84UC(2),ICSI,ABU084CC2004B,1091A07C21,365.9533,2022-01-15 05:03:14
BB216,UTC3000,IDLE,,,,AAW024XJ6010B,,22-01-14 13:43,,,,,,,R02AWGC01,STBGA24A4L,MXIC,AAW024XJ6010B,1091A07T41,342.7166,
BB217,UTC3000,RUNNING,R03MSI701,2200,096ECMS010,AMS096EC3001B,22-01-14 15:02,22-01-13 18:43,MTI,FBGA-96UEC,5560,,1091A06T21,,R02MSHW03,FBGA-96UEC,MTI,AMS096EC3001B,1091A06T21,273.6119,2022-01-14 15:02:25
BB218,UTC3000,RUNNING,R02MSCZ02,2200,078EPMS004,AMS078EP1001A,22-01-15 09:44,22-01-14 12:11,MTI,FBGA-78UEP,5920,,1091A06T21,,R02MSAN04,FBGA-78UEP,MTI,AMS078EP1001A,1091A06T21,274.7358,2022-01-15 09:44:45
BB219,UTC3000,ENG,,,,AAW056TH1015A,22-01-14 12:42,22-01-14 12:42,,,,,,,R03AWAK03,STBGA24A4L,MXIC,AAW024XJ6010B,1091A07T41,,
BB220,UTC3000,RUNNING,R02MSB401,2200,078EPMS004,AMS078EP1001A,22-01-14 23:18,22-01-14 02:37,MTI,FBGA-78UEP,5680,,1091A06T21,,R02MSAP02,FBGA-78UEP,MTI,AMS078EP1001A,1091A06T21,274.7358,2022-01-14 23:18:35
BB221,UTC3000,RUNNING,R02BUA501,2200,084UCBU006,ABU084CC2004B,22-01-14 18:43,22-01-14 03:32,ICSI,FBGA-84UC(2),5552,,1091A07C21,E,P53OKA113,TSOP1-48A2,LAPIS,AOK048TV1029A,1091A07C41,365.9533,2022-01-14 18:43:09
BB222,UTC3000,WAIT-SETUP,,,,AAW024XJ6011B,,22-01-14 15:07,,,,,,,R02AWGG03,STBGA24A4L,MXIC,AAW024XJ6011B,1091A07T41,311.0338,
BB223,UTC3000,IDLE,,,,AAW024XJ6010B,,22-01-14 08:52,,,,,,,R02AWFP03,STBGA24A4L,MXIC,AAW024XJ6010B,1091A07T41,342.7166,
BB224,UTC3000,RUNNING,R02AWCH10,2200,048TPAW086,AAW048TP1041B,22-01-14 18:49,22-01-14 09:32,MXIC,TSOP1-48/M2,720,,1091A08T41,,R02AWCH04,TSOP1-48/M2,MXIC,AAW048TP1041B,1091A08T41,77.5263,2022-01-14 18:49:14
BB225,UTC3000,RUNNING,R02BUA701,2200,084UCBU006,ABU084CC2004B,22-01-14 21:10,22-01-14 05:59,ICSI,FBGA-84UC(2),5553,01/14/2022 MP,1091A07C21,E,R02BUAV01,FBGA-84UC(2),ICSI,ABU084CC2004B,1091A07C21,365.9533,2022-01-14 21:10:22
BB226,UTC3000,IDLE,,,,AAW024XJ6010B,,22-01-14 08:03,,,,01/15/2022 MP,,,R03AWAK02,STBGA24A4L,MXIC,AAW024XJ6010B,1091A07T41,342.7166,
BB227,UTC3000,ENG,,,,AAW056TH1015A,22-01-14 14:13,22-01-14 14:13,,,,01/16/2022 MP,,,R03AWAQ03,STBGA24A4L,MXIC,AAW024XJ6010B,1091A07T41,,
BB228,UTC3000,RUNNING,R02BUA601,2200,084UCBU006,ABU084CC2004B,22-01-15 03:45,22-01-14 12:40,ICSI,FBGA-84UC(2),5520,01/17/2022 MP,,,R02BUA502,FBGA-84UC(2),ICSI,ABU084CC2004B,1091A07C21,365.9533,2022-01-15 03:45:34
BB229,UTC3000,RUNNING,R02AWGC03,3200,024XJAW020,AAW024XJ6010B,22-01-14 20:11,22-01-14 07:42,MXIC,STBGA24A4L,4280,01/18/2022 MP,1091A07T41,,R02AWFQ01,STBGA24A4L,MXIC,AAW024XJ6010B,1091A07T41,342.7166,2022-01-14 20:11:44
BB230,UTC3000,RUNNING,R02AWGC04,3200,024XJAW020,AAW024XJ6010B,22-01-14 21:41,22-01-14 13:57,MXIC,STBGA24A4L,2636,01/19/2022 MP,1091A07T41,,R02AWFQ02,STBGA24A4L,MXIC,AAW024XJ6010B,1091A07T41,342.7166,2022-01-14 21:41:04
BB231,UTC3000,IDLE,,,,ANV345XTC011A,,22-01-14 11:51,,,,01/20/2022 MP,,,P51NVR801,STBGA345FBC,PHISON,ANV345XTC011A,1091A07C41,85.8659,
BB232,UTC3000,RUNNING,R02MSCZ03,2200,078EPMS004,AMS078EP1001A,22-01-15 09:37,22-01-14 12:15,MTI,FBGA-78UEP,5872,01/21/2022 MP,1091A06T21,,R02MSAY04,FBGA-78UEP,MTI,AMS078EP1001A,1091A06T21,274.7358,2022-01-15 09:37:40
BB233,UTC3000,IDLE,,,,AAW024XJ6011B,,22-01-14 09:29,,,,01/14/2022 MP,,,R02AWGG04,STBGA24A4L,MXIC,AAW024XJ6011B,1091A07T41,311.0338,
BB234,UTC3000,RUNNING,R02AWGC02,3200,024XJAW020,AAW024XJ6010B,22-01-14 16:11,22-01-14 03:52,MXIC,STBGA24A4L,4225,01/23/2022 MP,1091A07T41,,R02AWFP01,STBGA24A4L,MXIC,AAW024XJ6010B,1091A07T41,342.7166,2022-01-14 16:11:47
BB235,UTC3000,RUNNING,R02AWBG24,2200,048TPAW086,AAW048TP1041B,22-01-13 23:12,22-01-13 13:54,MXIC,TSOP1-48/M2,720,01/24/2022 MP,1091A08T41,,R02AWBN24,TSOP1-48/M2,MXIC,AAW048TP1041B,1091A08T41,77.5263,2022-01-13 23:12:05
BB441,UTC1000S,RUNNING,R02AWHA13,2200,048TPAW054,AAW048TP1026E,22-01-14 13:20,22-01-14 08:06,MXIC,TSOP1-48/48M,1983,,1091A08T41,4,R02AWH908,TSOP1-48/48M,MXIC,AAW048TP1026E,1091A08T41,379.4022,2022-01-14 13:20:38
BB442,UTC1000S,RUNNING,R01ABA204,2200,060NRAB010,AAB060NR1006A,22-01-14 13:20,22-01-13 22:41,WINBOND,VFBGA60B4L,5719,,,,R02AWG603,MBGA64J4U,MXIC,AAW064MR1012A,1091A08T41,390.6365,2022-01-14 13:20:10
BB443,UTC1000S,IDLE,,,,ABU078EA1001A,,22-01-14 11:27,,,,,,,R02BUBE04,FBGA-78LEA,ICSI,ABU078EA1001A,1091A07C21,300.7119,
BB444,UTC1000S,IDLE,,,,ABU078EA1001A,,22-01-13 23:03,,,,,,,R02BUBE02,FBGA-78LEA,ICSI,ABU078EA1001A,1091A07C21,300.7119,
BB445,UTC1000S,RUNNING,R02BUC603,2200,090NCBU014,ABU090NC8002B,22-01-15 01:33,22-01-14 09:37,ICSI,VFBGA90B4L,3525,,,,R02ABMP07,TSOP2-66ME,WINBOND,AAB066TN1003A,1091A07T21,221.4408,2022-01-15 01:33:33
BB446,UTC1000S,RUNNING,R02BUBA05,2200,096EABU001,ABU096EA1001A,22-01-14 16:32,22-01-14 09:19,ICSI,FBGA-96LEA,1623,,,,R02BUB501,FBGA-96LEA,ICSI,ABU096EA1001A,1091A07C21,225.8244,2022-01-14 16:32:59
BB447,UTC1000S,RUNNING,R02BUB603,2200,096EABU001,ABU096EA1001A,22-01-14 12:10,22-01-14 00:29,ICSI,FBGA-96LEA,2640,,,,R02BUB902,FBGA-96LEA,ICSI,ABU096EA1001A,1091A07C21,225.8244,2022-01-14 12:10:34
BB448,UTC1000S,RUNNING,R02BUC706,2200,054NBBU006,ABU054NB2004C,22-01-14 16:20,22-01-14 04:46,ICSI,VFBGA54B4,3959,,1091A07C21,,R02BUC703,VFBGA54B4,ICSI,ABU054NB2004C,1091A07C21,342.5228,2022-01-14 16:20:25
BB449,UTC1000S,WAIT-REPAIR,,,,AAB060EM2001A,,22-01-13 18:26,,,,,,,R02ABK601,FBGA60UEM2-1,WINBOND,AAB060EM2001A,1091A07T21,309.2533,
BB450,UTC1000S,WAIT-REPAIR,,,,ABU056TH2005A,,22-01-13 06:16,,,,,,,P49VGA501,TSOP1-56/56,ISSI-VG,ABU056TH2005A,1091A10C41,,
BB451,UTC1000S,IDLE,,,,ACD096CA4001B,,22-01-14 08:23,,,,,,,R02CDAQ02,FBGA-96UH6B,ETRON,ACD096CA4001B,1091A07T41,243.7815,
BB452,UTC1000S,QC,R02BUCB01,2200,048MWBU001,BU048MW2002C,,,ICSI,MINIBGA48A1,1920,,1091A10C41,,R02ABK604,FBGA60UEM2-1,WINBOND,AAB060EM2001A,1091A07T21,238.455,2022-01-14 07:11:50
BB453,UTC1000S,RUNNING,R01ABA201,2200,060NRAB010,AAB060NR1006A,22-01-14 14:03,22-01-13 23:19,WINBOND,VFBGA60B4L,5760,,,,R02BUAG04,FBGA-84UC(2),ICSI,ABU084CC2001C,1091A08C21,390.6365,2022-01-14 14:03:45
BB454,UTC1000S,PM,,,,AAB060EM2001A,22-01-14 18:38,22-01-14 14:38,,,,01/14/2022 MP,,,R02ABK606,FBGA60UEM2-1,WINBOND,AAB060EM2001A,1091A07T21,309.2533,
BB455,UTC1000S,RUNNING,R02BUCB05,2200,048MWBU001,BU048MW2002C,22-01-14 17:43,22-01-14 09:44,ICSI,MINIBGA48A1,1902,01/15/2022 MP,1091A10C41,,R02BUCB03,MINIBGA48A1,ICSI,BU048MW2002C,1091A10C41,238.455,2022-01-14 17:43:06
BB456,UTC1000S,RUNNING,R02BUA922,2200,086TABU026,ABU086TA1007A,22-01-14 18:36,22-01-14 10:57,ICSI,TSOP2-86E,1600,01/16/2022 MP,1091A09C21,,R02BUA955,TSOP2-86E,ICSI,ABU086TA1007A,1091A09C21,208.9303,2022-01-14 18:36:44
BB457,UTC1000S,IDLE,,,,ABU078EA1001A,,22-01-13 22:53,,,,01/17/2022 MP,,,R02BUBE05,FBGA-78LEA,ICSI,ABU078EA1001A,1091A07C21,300.7119,
BB458,UTC1000S,RUNNING,R02BUA936,2200,086TABU026,ABU086TA1007A,22-01-14 18:43,22-01-14 11:04,ICSI,TSOP2-86E,1600,01/18/2022 MP,1091A09C21,,R02BUA951,TSOP2-86E,ICSI,ABU086TA1007A,1091A09C21,208.9303,2022-01-14 18:43:31
BB459,UTC1000S,RUNNING,R03MSFQ01,2200,078U9MS017,AMS078C93001B,22-01-15 16:17,22-01-14 15:27,MTI,FBGA-78U9,6704,01/19/2022 MP,1091A06T21,,P51ABHF10,VFBGA178JEU,WINBOND,AAB178NN2001A,1091A07T21,269.9102,2022-01-15 16:17:24
BB460,UTC1000S,RUNNING,R02BUAP01,2200,096EFBU002,ABU096EF2002A,22-01-14 23:50,22-01-14 03:03,ICSI,FBGA-96UEF,5000,01/20/2022 MP,,,P53YZAD07,FBGA-96UEI,ZJP,AYZ096EI1002A,1091A07T21,240.5742,2022-01-14 23:50:05
BB461,UTC1000S,RUNNING,R02AWG401,2200,024MAAW060,AAW024MA6033B,22-01-15 00:23,22-01-14 14:13,MXIC,MINIBGA24A4L,8362,01/21/2022 MP,1091A07T41,,R02AWG402,MINIBGA24A4L,MXIC,AAW024MA6033B,1091A07T41,822.4524,2022-01-15 00:23:58
BB462,UTC1000S,IDLE,,,,AMS078C91003A,,22-01-13 20:57,,,,01/15/2022 MP,,,R02MSFF01,FBGA-78U9,MTI,AMS078C91003A,1091A06T41,322.0679,
BB463,UTC1000S,RUNNING,P53MSJL06,2200,078ENMS007,AMS078EN1002A,22-01-14 11:46,22-01-13 21:40,MTI,FBGA-78UEN,3457,01/23/2022 MP,1091A06T21,,P53MSJM05,FBGA-78UEN,MTI,AMS078EN1002A,1091A06T21,245.0786,2022-01-14 11:46:47
BB465,UTC1000S,RUNNING,R02ABNF01,2200,054NBAB016,AAB054NB6005A,22-01-13 19:14,22-01-13 19:09,WINBOND,VFBGA54B4U,8804,01/24/2022 MP,,,R02AWD901,MINIBGA24A4L,MXIC,AAW024MA6025A,1091A07T41,,2022-01-13 19:14:33
BB466,UTC1000S,SETUP,,,,AMS078C93001B,22-01-14 16:05,22-01-14 14:41,,,,01/25/2022 MP,,,P53MSJI11,FBGA-78UEN,MTI,AMS078EN1002A,1091A06T21,269.9102,
BB467,UTC1000S,RUNNING,R02AWHN01,2200,024MAAW045,AAW024MA6022C,22-01-14 19:24,22-01-14 06:13,MXIC,MINIBGA24A4L,8480,01/26/2022 MP,,,R02AWHM02,MINIBGA24A4L,MXIC,AAW024MA6022C,1091A07T41,643.1842,2022-01-14 19:24:32
BB468,UTC1000S,RUNNING,R03AWAW08,2200,048TPAW056,AAW048TP1024D,22-01-14 21:09,22-01-14 15:13,MXIC,TSOP1-48/48M,2160,01/27/2022 MP,1091A08T41,,R03AWAW05,TSOP1-48/48M,MXIC,AAW048TP1024D,1091A08T41,364.4237,2022-01-14 21:09:17
BB469,UTC1000S,IDLE,,,,AAB060EM2001A,,22-01-14 14:54,,,,01/28/2022 MP,,,R02ABK602,FBGA60UEM2-1,WINBOND,AAB060EM2001A,1091A07T21,309.2533,
BB470,UTC1000S,RUNNING,R02AWG604,2200,064MRAW035,AAW064MR1012A,22-01-14 19:30,22-01-14 03:11,MXIC,MBGA64J4U,3963,01/29/2022 MP,1091A08T41,4,R02AWG605,MBGA64J4U,MXIC,AAW064MR1012A,1091A08T41,242.9109,2022-01-14 19:30:06
BB471,UTC1000S,RUNNING,R03MSAG03,2200,048TWMS068,AMS048TW1058A,22-01-14 09:38,22-01-14 03:25,MTI,TSOP1-48AM,2160,01/30/2022 SP,1091A07T41,,R02ABMP01,TSOP2-66ME,WINBOND,AAB066TN1003A,1091A07T21,347.2018,2022-01-14 09:38:52
BB472,UTC1000S,RUNNING,R02MSF810,2200,048TWMS063,AMS048TW1053A,22-01-14 22:17,22-01-14 15:23,MTI,TSOP1-48AM,2160,01/31/2022 SP,1091A07T41,,R03MSA901,TSOP1-48AM,MTI,AMS048TW1053A,1091A07T41,313.3538,2022-01-14 22:17:30
BB473,UTC1000S,RUNNING,R02VGAA03,2200,048TPVG001,ABU048TP2006A,22-01-14 15:40,22-01-14 11:35,ISSI-VG,TSOP1-48/48M,2160,,1091A08C21,,R02ABMP04,TSOP2-66ME,WINBOND,AAB066TN1003A,1091A07T21,527.9668,2022-01-14 15:40:52
BB474,UTC1000S,RUNNING,R02BUAP03,2200,096EFBU002,ABU096EF2002A,22-01-14 21:34,22-01-14 00:47,ICSI,FBGA-96UEF,5000,,,,R02ABMP06,TSOP2-66ME,WINBOND,AAB066TN1003A,1091A07T21,240.5742,2022-01-14 21:34:20
BB475,UTC1000S,RUNNING,R02MSF802,2200,048TWMS063,AMS048TW1053A,22-01-14 10:14,22-01-14 03:20,MTI,TSOP1-48AM,2160,,1091A07T41,,R02MSF911,TSOP1-48AM,MTI,AMS048TW1053A,1091A07T41,313.3538,2022-01-14 10:14:01
BB476,UTC1000S,RUNNING,R02AWG207,2200,024MAAW023,AAW024MA6013C,22-01-14 20:56,22-01-14 14:31,MXIC,MINIBGA24A3L,8620,,1091A07T41,,R02AWG205,MINIBGA24A3L,MXIC,AAW024MA6013C,1091A07T41,1344.7122,2022-01-14 20:56:28
BB477,UTC1000S,RUNNING,R03MSFN06,2200,078U9MS017,AMS078C93001B,22-01-15 07:21,22-01-14 14:42,MTI,FBGA-78U9,4488,,,,P53MSJJ06,FBGA-78UEN,MTI,AMS078EN1002A,1091A06T21,269.9102,2022-01-15 07:21:46
BB478,UTC1000S,RUNNING,R02AWHC09,2200,048TPAW054,AAW048TP1026E,22-01-14 20:14,22-01-14 14:33,MXIC,TSOP1-48/48M,2160,,1091A08T41,4,R02AWH304,TSOP1-48/48M,MXIC,AAW048TP1026E,1091A08T41,379.4022,2022-01-14 20:14:42
BB479,UTC1000S,RUNNING,R02ABKZ06,2200,178NNAB002,AAB178NN2001A,22-01-15 00:57,22-01-14 08:47,WINBOND,VFBGA178JEU,2146,,1091A07T21,,R02ABKZ02,VFBGA178JEU,WINBOND,AAB178NN2001A,1091A07T21,132.725,2022-01-15 00:57:53
BB480,UTC1000S,RUNNING,R02AWH303,2200,048TPAW054,AAW048TP1026E,22-01-14 15:12,22-01-14 09:31,MXIC,TSOP1-48/48M,2160,,1091A08T41,4,R02ABMP08,TSOP2-66ME,WINBOND,AAB066TN1003A,1091A07T21,379.4022,2022-01-14 15:12:44
BB481,UTC1000S,RUNNING,R02BUBA02,2200,096EABU001,ABU096EA1001A,22-01-15 01:29,22-01-14 14:08,ICSI,FBGA-96LEA,2560,,,,R02BUB801,FBGA-96LEA,ICSI,ABU096EA1001A,1091A07C21,225.8244,2022-01-15 01:29:04
BB482,UTC1000S,RUNNING,R02MSFW08,2200,048TWMS056,AMS048TW1048A,22-01-14 12:57,22-01-14 08:07,MTI,TSOP1-48AM,2160,,1091A07T41,,R02MSFW13,TSOP1-48AM,MTI,AMS048TW1048A,1091A07T41,447.2821,2022-01-14 12:57:17
BB483,UTC1000S,RUNNING,R02AWHA01,2200,048TPAW054,AAW048TP1026E,22-01-14 12:46,22-01-14 07:04,MXIC,TSOP1-48/48M,2160,,1091A08T41,4,R02AWG104,TSOP1-48/48M,MXIC,AAW048TP1026E,1091A08T41,379.4022,2022-01-14 12:46:11
BB484,UTC1000S,RUNNING,R02MSFW01,2200,048TWMS056,AMS048TW1048A,22-01-14 09:57,22-01-14 05:08,MTI,TSOP1-48AM,2160,,1091A07T41,,R02MSFW06,TSOP1-48AM,MTI,AMS048TW1048A,1091A07T41,447.2821,2022-01-14 09:57:53
BB485,UTC1000S,QC,,,,AMS078C93001B,,,,,,,,,R02ABMC01,FBGA96UEL(2),WINBOND,AAB096EL1017A,1091A07T21,269.9102,
BB486,UTC1000S,IDLE,,,,AMS048TW1020A,,22-01-14 14:10,,,,01/14/2022 MP,,,R02MSG504,TSOP1-48AM,MTI,AMS048TW1020A,1091A07T41,452.9093,
BB487,UTC1000S,RUNNING,R03ABA405,2200,096ELAB016,AAB096EL1003A,22-01-15 11:05,22-01-14 10:43,WINBOND,FBGA96UEL(2),5920,01/15/2022 MP,,,R03ABA802,FBGA96UEL(2),WINBOND,AAB096EL1003A,1091A07T21,243.0216,2022-01-15 11:05:25
BB488,UTC1000S,RUNNING,R02AWHM01,2200,024MAAW045,AAW024MA6022C,22-01-14 17:31,22-01-14 04:12,MXIC,MINIBGA24A4L,8560,01/16/2022 MP,1091A07T41,,R02AWHL01,MINIBGA24A4L,MXIC,AAW024MA6022C,1091A07T41,643.1842,2022-01-14 17:31:13
BB489,UTC1000S,RUNNING,R02CDAP03,2200,096CACD004,ACD096CA4001B,22-01-14 09:06,22-01-13 10:15,ETRON,FBGA-96UH6B,5568,01/17/2022 MP,1091A07T41,,R02CDAQ02,FBGA-96UH6B,ETRON,ACD096CA4001B,1091A07T41,243.7815,2022-01-14 09:06:14
BB490,UTC1000S,IN-REPAIR,R02ABGK54,2200,054TNAB036,AAB054TN1005A,22-01-14 13:16:41,22-01-14 12:11,WINBOND,TSOP2-54ME,2880,01/18/2022 MP,1091A07T21,,R02ABGK14,TSOP2-54ME,WINBOND,AAB054TN1005A,1091A07T21,279.6886,2022-01-14 13:16:41
BB496,UTC1000S,RUNNING,R02AWG209,2200,024MAAW023,AAW024MA6013C,22-01-14 21:39,22-01-14 15:14,MXIC,MINIBGA24A3L,8633,01/19/2022 MP,1091A07T41,,R02AWG206,MINIBGA24A3L,MXIC,AAW024MA6013C,1091A07T41,1344.7122,2022-01-14 21:39:42
BB497,UTC1000S,RUNNING,P51ABHF14,2200,178NNAB002,AAB178NN2001A,22-01-14 08:47,22-01-13 02:36,WINBOND,VFBGA178JEU,4014,01/20/2022 MP,1091A07T21,,P53ABAV13,VFBGA178JEU,WINBOND,AAB178NN2001A,1091A07T21,132.725,2022-01-14 08:47:23
BB498,UTC1000S,WAIT-SETUP,,,,AMS078C93001B,,22-01-14 13:06,,,,01/21/2022 MP,,,P53ABAW02,VFBGA178JEU,WINBOND,AAB178NN2001A,1091A07T21,269.9102,
BB499,UTC1000S,RUNNING,R02BUA934,2200,086TABU026,ABU086TA1007A,22-01-14 22:16,22-01-14 14:37,ICSI,TSOP2-86E,1599,01/16/2022 MP,1091A09C21,,R02BUA947,TSOP2-86E,ICSI,ABU086TA1007A,1091A09C21,208.9303,2022-01-14 22:16:11
BB500,UTC1000S,IDLE,,,,AMS078C91003A,,22-01-14 05:44,,,,01/23/2022 MP,,,R02MSFF03,FBGA-78U9,MTI,AMS078C91003A,1091A06T41,322.0679,
BB501,UTC1000S,RUNNING,R02MSF808,2200,048TWMS063,AMS048TW1053A,22-01-14 20:28,22-01-14 13:34,MTI,TSOP1-48AM,2160,01/24/2022 MP,1091A07T41,,R02MSF806,TSOP1-48AM,MTI,AMS048TW1053A,1091A07T41,313.3538,2022-01-14 20:28:09
BB502,UTC1000S,IDLE,,,,ABU048TP2005A,,22-01-14 15:19,,,,01/25/2022 MP,,,R02VGA812,TSOP1-48/48M,ISSI-VG,ABU048TP2005A,1091A08C21,470.6737,
BB503,UTC1000S,RUNNING,R02BUBA03,2200,096EABU001,ABU096EA1001A,22-01-14 20:47,22-01-14 09:27,ICSI,FBGA-96LEA,2560,01/26/2022 MP,,,R02BUB502,FBGA-96LEA,ICSI,ABU096EA1001A,1091A07C21,225.8244,2022-01-14 20:47:46
BB504,UTC1000S,RUNNING,R02BUAX01,2200,048MWBU004,BU048MW2005C,22-01-14 06:43,22-01-13 22:55,ICSI,MINIBGA48A1,1920,01/27/2022 MP,,,R02CDAP04,FBGA-96UH6B,ETRON,ACD096CA4001B,1091A07T41,246.6229,2022-01-14 06:43:01
BB505,UTC1000S,IDLE,,,,AMS078EN1002A,,22-01-14 13:23,,,,01/28/2022 MP,,,P53MSJI05,FBGA-78UEN,MTI,AMS078EN1002A,1091A06T21,245.0786,
BB506,UTC1000S,RUNNING,R02AWEV10,2200,024MAAW016,AAW024MA6006C,22-01-14 18:56,22-01-14 13:30,MXIC,MINIBGA24A3L,8640,01/29/2022 MP,1091A07T41,,R02AWEV06,MINIBGA24A3L,MXIC,AAW024MA6006C,1091A07T41,1246.9032,2022-01-14 18:56:53
BB507,UTC1000S,WAIT-SETUP,R02MSCW01,2200,078EPMS004,AMS078EP1001A,22-01-14 13:28:00,22-01-14 13:26,MTI,FBGA-78UEP,5640,01/30/2022 MP,,,R02MSAI03,FBGA-78UEP,MTI,AMS078EP1001A,1091A06T21,274.5263,2022-01-14 13:28:00
BB508,UTC1000S,RUNNING,R02AWHA05,2200,048TPAW054,AAW048TP1026E,22-01-14 19:42,22-01-14 14:00,MXIC,TSOP1-48/48M,2160,01/31/2022 MP,1091A08T41,4,R02AWG107,TSOP1-48/48M,MXIC,AAW048TP1026E,1091A08T41,379.4022,2022-01-14 19:42:07
BB509,UTC1000S,IDLE,,,,AMS078C93001B,,22-01-14 15:26,,,,01/29/2022 MP,,,P53MSJL05,FBGA-78UEN,MTI,AMS078EN1002A,1091A06T21,269.9102,
BB510,UTC1000S,RUNNING,R02VGA822,2200,048TPVG003,ABU048TP2005A,22-01-14 19:17,22-01-14 14:42,ISSI-VG,TSOP1-48/48M,2160,01/30/2022 MP,1091A08C21,,R02VGA817,TSOP1-48/48M,ISSI-VG,ABU048TP2005A,1091A08C21,470.6737,2022-01-14 19:17:57
BB511,UTC1000S,RUNNING,R02MSFY23,2200,048TWMS056,AMS048TW1048A,22-01-14 07:16,22-01-14 02:26,MTI,TSOP1-48AM,2160,01/31/2022 MP,1091A07T41,,R02MSFY03,TSOP1-48AM,MTI,AMS048TW1048A,1091A07T41,447.2821,2022-01-14 07:16:21
BB512,UTC1000S,RUNNING,R02AWHC10,2200,048TPAW054,AAW048TP1026E,22-01-14 20:40,22-01-14 14:58,MXIC,TSOP1-48/48M,2160,,1091A08T41,4,R02AWHA07,TSOP1-48/48M,MXIC,AAW048TP1026E,1091A08T41,379.4022,2022-01-14 20:40:13
BB513,UTC1000S,RUNNING,R02AWHA10,2200,048TPAW054,AAW048TP1026E,22-01-14 10:47,22-01-14 05:06,MXIC,TSOP1-48/48M,2160,,1091A08T41,4,R02AWG108,TSOP1-48/48M,MXIC,AAW048TP1026E,1091A08T41,379.4022,2022-01-14 10:47:40
BB514,UTC1000S,IDLE,,,,AIS048MA9004A,,22-01-14 07:19,,,,,,,R02ISA102,MINIBGA48D3U,LYONTEK,AIS048MA9004A,1091A08C41,332.96,
BB515,UTC1000S,RUNNING,R02ABGK30,2200,054TNAB036,AAB054TN1005A,22-01-14 13:27,22-01-14 03:09,WINBOND,TSOP2-54ME,2880,,1091A07T21,,R02ABGK20,TSOP2-54ME,WINBOND,AAB054TN1005A,1091A07T21,279.6886,2022-01-14 13:27:11
BB516,UTC1000S,RUNNING,R02AWHA02,2200,048TPAW054,AAW048TP1026E,22-01-14 17:06,22-01-14 11:25,MXIC,TSOP1-48/48M,2160,,1091A08T41,4,R02AWH308,TSOP1-48/48M,MXIC,AAW048TP1026E,1091A08T41,379.4022,2022-01-14 17:06:51
BB517,UTC1000S,RUNNING,R02ABNG05,2200,090MVAB009,AAB090MV1001A,22-01-14 23:31,22-01-14 12:33,WINBOND,MINIBGA90A3,2398,,1091A08T21,,R02ABNG02,MINIBGA90A3,WINBOND,AAB090MV1001A,1091A08T21,218.6622,2022-01-14 23:31:58
BB518,UTC1000S,RUNNING,R02ABKZ05,2200,178NNAB002,AAB178NN2001A,22-01-14 11:35,22-01-13 18:48,WINBOND,VFBGA178JEU,2226,,1091A07T21,,P51ABHF12,VFBGA178JEU,WINBOND,AAB178NN2001A,1091A07T21,132.725,2022-01-14 11:35:33
BB519,UTC1000S,RUNNING,R02ABNG01,2200,090MVAB009,AAB090MV1001A,22-01-14 22:25,22-01-14 11:32,WINBOND,MINIBGA90A3,2377,,1091A08T21,,R02ABNG06,MINIBGA90A3,WINBOND,AAB090MV1001A,1091A08T21,218.6622,2022-01-14 22:25:04
BB520,UTC1000S,RUNNING,R03ABA803,2200,096ELAB016,AAB096EL1003A,22-01-14 13:10,22-01-13 12:29,WINBOND,FBGA96UEL(2),6000,,1091A07T21,,R02ABN407,FBGA96UEL(2),WINBOND,AAB096EL1003A,1091A07T21,243.0216,2022-01-14 13:10:56
BB521,UTC1000S,RUNNING,R02AWEV05,2200,024MAAW016,AAW024MA6006C,22-01-14 16:58,22-01-14 11:36,MXIC,MINIBGA24A3L,8545,,1091A07T41,,R02AWEV04,MINIBGA24A3L,MXIC,AAW024MA6006C,1091A07T41,1246.9032,2022-01-14 16:58:59
BB522,UTC1000S,RUNNING,R02ABGK26,2200,054TNAB036,AAB054TN1005A,22-01-15 00:16,22-01-14 08:14,WINBOND,TSOP2-54ME,2880,,1091A07T21,,R02ABGK52,TSOP2-54ME,WINBOND,AAB054TN1005A,1091A07T21,279.6886,2022-01-15 00:16:02
BB523,UTC1000S,RUNNING,R02LWAF01,2200,096EFLW006,ALW096EF2001A,22-01-14 04:58,22-01-13 10:29,MTI-S,FBGA-96UEF,4920,,,,R02AWDR04,MBGA64J4U,MXIC,AAW064MR1009A,1091A08T41,265.9928,2022-01-14 04:58:58
BB524,UTC1000S,RUNNING,R02AWHC04,2200,048TPAW054,AAW048TP1026E,22-01-14 20:32,22-01-14 14:50,MXIC,TSOP1-48/48M,2160,,1091A08T41,4,R02AWH307,TSOP1-48/48M,MXIC,AAW048TP1026E,1091A08T41,379.4022,2022-01-14 20:32:04
BB525,UTC1000S,RUNNING,R01ABA203,2200,060NRAB010,AAB060NR1006A,22-01-15 06:20,22-01-14 15:37,WINBOND,VFBGA60B4L,5752,01/14/2022 MP,,,P53ABD801,VFBGA60B4L,WINBOND,AAB060NR1006A,1091A07T21,390.6365,2022-01-15 06:20:40
BB526,UTC1000S,RUNNING,R02MSB403,2200,078EPMS004,AMS078EP1001A,22-01-15 12:09,22-01-14 14:57,MTI,FBGA-78UEP,5816,01/15/2022 MP,1091A06T21,,R02MSA801,FBGA-78UEP,MTI,AMS078EP1001A,1091A06T21,274.5263,2022-01-15 12:09:07
BB527,UTC1000S,RUNNING,P53ABAW11,2200,178NNAB002,AAB178NN2001A,22-01-14 21:30,22-01-14 04:52,WINBOND,VFBGA178JEU,2207,01/16/2022 MP,1091A07T21,,P53ABAW07,VFBGA178JEU,WINBOND,AAB178NN2001A,1091A07T21,132.725,2022-01-14 21:30:39
BB528,UTC1000S,RUNNING,R03BUA603,2200,054NBBU006,ABU054NB2004C,22-01-15 03:04,22-01-14 15:34,ICSI,VFBGA54B4,3940,01/17/2022 MP,,,R02BUC705,VFBGA54B4,ICSI,ABU054NB2004C,1091A07C21,342.5228,2022-01-15 03:04:21
BB529,UTC1000S,RUNNING,P53ABAW08,2200,178NNAB002,AAB178NN2001A,22-01-14 16:58,22-01-13 23:38,WINBOND,VFBGA178JEU,2300,01/18/2022 MP,1091A07T21,,P53ABAW09,VFBGA178JEU,WINBOND,AAB178NN2001A,1091A07T21,132.725,2022-01-14 16:58:07
BB530,UTC1000S,IDLE,,,,ABU048TP2005A,,22-01-14 15:19,,,,01/19/2022 MP,,,R02VGA816,TSOP1-48/48M,ISSI-VG,ABU048TP2005A,1091A08C21,470.6737,
BB531,UTC1000S,IDLE,,,,AAB054TN1005A,,22-01-14 13:35,,,,01/20/2022 SP,,,R02ABGK59,TSOP2-54ME,WINBOND,AAB054TN1005A,1091A07T21,279.6886,
BB532,UTC1000S,IDLE,,,,AMS078C91003A,,22-01-14 10:36,,,,01/21/2022 SP,,,R02MSFF05,FBGA-78U9,MTI,AMS078C91003A,1091A06T41,322.0679,
BB533,UTC1000S,RUNNING,R01ABA202,2200,060NRAB010,AAB060NR1006A,22-01-14 15:25,22-01-14 00:43,WINBOND,VFBGA60B4L,5739,01/17/2022 SP,,,R02BUBJ01,FBGA-84UC(2),ICSI,ABU084CC2001C,1091A08C21,390.6365,2022-01-14 15:25:12
BB534,UTC1000S,RUNNING,P53MSJJ10,2200,078ENMS007,AMS078EN1002A,22-01-15 00:46,22-01-14 10:05,MTI,FBGA-78UEN,3600,01/23/2022 SP,1091A06T21,,P53MSJK02,FBGA-78UEN,MTI,AMS078EN1002A,1091A06T21,245.0786,2022-01-15 00:46:54
BB535,UTC1000S,RUNNING,R02BUB602,2200,096EABU001,ABU096EA1001A,22-01-14 19:18,22-01-14 07:53,ICSI,FBGA-96LEA,2580,01/24/2022 SP,,,P51ABHF05,VFBGA178JEU,WINBOND,AAB178NN2001A,1091A07T21,225.8244,2022-01-14 19:18:40
BB536,UTC1000S,RUNNING,R03AWAW06,2200,048TPAW056,AAW048TP1024D,22-01-14 20:39,22-01-14 14:43,MXIC,TSOP1-48/48M,2160,01/25/2022 SP,1091A08T41,,R03AWAU03,TSOP1-48/48M,MXIC,AAW048TP1024D,1091A08T41,364.4237,2022-01-14 20:39:00
BB537,UTC1000S,RUNNING,R02MSFW17,2200,048TWMS056,AMS048TW1048A,22-01-14 16:40,22-01-14 11:50,MTI,TSOP1-48AM,2160,01/26/2022 SP,1091A07T41,,R02MSFW04,TSOP1-48AM,MTI,AMS048TW1048A,1091A07T41,447.2821,2022-01-14 16:40:14
BB538,UTC1000S,IDLE,,,,AAW048TP1042C,,22-01-13 14:25,,,,01/27/2022 SP,,,R02AWGK01,TSOP1-48/48M,MXIC,AAW048TP1042C,1091A08T41,438.0302,
BB539,UTC1000S,RUNNING,R02BUB301,2200,096EABU001,ABU096EA1001A,22-01-14 12:51,22-01-14 01:32,ICSI,FBGA-96LEA,2554,01/28/2022 SP,,,R02BUAJ04,FBGA-96LEA,ICSI,ABU096EA1001A,1091A07C21,225.8244,2022-01-14 12:51:32
BB540,UTC1000S,RUNNING,R03MSA903,2200,048TWMS063,AMS048TW1053A,22-01-14 14:32,22-01-14 07:38,MTI,TSOP1-48AM,2160,01/29/2022 SP,1091A07T41,,R02MSF611,TSOP1-48AM,MTI,AMS048TW1053A,1091A07T41,313.3538,2022-01-14 14:32:18
BB541,UTC1000S,WAIT-SETUP,,,,AMS078C93001B,,22-01-14 13:25,,,,01/30/2022 MP,,,R02ABKZ03,VFBGA178JEU,WINBOND,AAB178NN2001A,1091A07T21,269.9102,
BB542,UTC1000S,RUNNING,R02AWHA09,2200,048TPAW054,AAW048TP1026E,22-01-14 18:41,22-01-14 13:00,MXIC,TSOP1-48/48M,2160,01/31/2022 MP,1091A08T41,4,R02AWG110,TSOP1-48/48M,MXIC,AAW048TP1026E,1091A08T41,379.4022,2022-01-14 18:41:45
BB543,UTC1000S,RUNNING,R03MSI708,2200,096ECMS010,AMS096EC3001B,22-01-14 22:03,22-01-14 11:54,MTI,FBGA-96UEC,2429,,1091A06T21,,R02ABMB01,FBGA96UEL(2),WINBOND,AAB096EL1017A,1091A07T21,240.3634,2022-01-14 22:03:30
BB544,UTC1000S,RUNNING,R03ABA902,2200,096ELAB016,AAB096EL1003A,22-01-15 12:28,22-01-14 11:58,WINBOND,FBGA96UEL(2),5956,,1091A07T21,,R02ABP101,FBGA96UEL(2),WINBOND,AAB096EL1003A,1091A07T21,243.0216,2022-01-15 12:28:42
BB545,UTC1000S,RUNNING,R03ABA401,2200,096ELAB016,AAB096EL1003A,22-01-14 15:06,22-01-13 14:52,WINBOND,FBGA96UEL(2),5888,,,,R02ABN504,FBGA96UEL(2),WINBOND,AAB096EL1003A,1091A07T21,243.0216,2022-01-14 15:06:45
BB546,UTC1000S,IDLE,,,,AAB096EL1017A,,22-01-14 06:58,,,,,,,R02ABMG01,FBGA96UEL(2),WINBOND,AAB096EL1017A,1091A07T21,215.8662,
BB547,UTC1000S,RUNNING,R02BUC602,2200,090NCBU014,ABU090NC8002B,22-01-15 03:37,22-01-14 08:52,ICSI,VFBGA90B4L,4154,,,,R02ABMC02,FBGA96UEL(2),WINBOND,AAB096EL1017A,1091A07T21,221.4408,2022-01-15 03:37:44
BB548,UTC1000S,SETUP,,,,AMS078C93001B,22-01-14 15:44,22-01-14 14:20,,,,,,,R02ABKZ01,VFBGA178JEU,WINBOND,AAB178NN2001A,1091A07T21,269.9102,
BB549,UTC1000S,RUNNING,R02AWHC11,2200,048TPAW054,AAW048TP1026E,22-01-14 17:11,22-01-14 11:29,MXIC,TSOP1-48/48M,2160,,1091A08T41,4,R02AWHA04,TSOP1-48/48M,MXIC,AAW048TP1026E,1091A08T41,379.4022,2022-01-14 17:11:08
BB550,UTC1000S,RUNNING,R02AWDM01,2200,064MRAW025,AAW064MR1004A,22-01-14 17:15,22-01-14 07:21,MXIC,MBGA64J4U,4000,,1091A07T41,,R02AWE402,MBGA64J4U,MXIC,AAW064MR1004A,1091A07T41,404.0291,2022-01-14 17:15:50
BB551,UTC1000S,RUNNING,R02BUB804,2200,096EABU001,ABU096EA1001A,22-01-14 20:28,22-01-14 08:57,ICSI,FBGA-96LEA,2600,,1091A07C21,,R02BUB901,FBGA-96LEA,ICSI,ABU096EA1001A,1091A07C21,225.8244,2022-01-14 20:28:14
BB552,UTC1000S,RUNNING,R02MSFF04,2200,078U9MS012,AMS078C91003A,22-01-14 07:35,22-01-13 10:46,MTI,FBGA-78U9,6702,,1091A06T41,,R02MSFG01,FBGA-78U9,MTI,AMS078C91003A,1091A06T41,322.0679,2022-01-14 07:35:01
BB553,UTC1000S,RUNNING,R02ABGK55,2200,054TNAB036,AAB054TN1005A,22-01-14 18:15,22-01-14 07:57,WINBOND,TSOP2-54ME,2880,,1091A07T21,,R02ABGK41,TSOP2-54ME,WINBOND,AAB054TN1005A,1091A07T21,279.6886,2022-01-14 18:15:15
BB554,UTC1000S,RUNNING,R03ABAA01,2200,096ELAB016,AAB096EL1003A,22-01-15 03:44,22-01-14 03:12,WINBOND,FBGA96UEL(2),5963,,1091A07T21,,R03ABA806,FBGA96UEL(2),WINBOND,AAB096EL1003A,1091A07T21,243.0216,2022-01-15 03:44:43
BB555,UTC1000S,RUNNING,R02AWH305,2200,048TPAW054,AAW048TP1026E,22-01-14 15:12,22-01-14 09:30,MXIC,TSOP1-48/48M,2160,,1091A08T41,4,R02AWG102,TSOP1-48/48M,MXIC,AAW048TP1026E,1091A08T41,379.4022,
BB556,UTC1000S,IDLE,,,,ABU096EA1001A,,22-01-14 15:32,,,,01/14/2022 MP,,,R02BUB903,FBGA-96LEA,ICSI,ABU096EA1001A,1091A07C21,225.8244,
BB557,UTC1000S,RUNNING,R02BUCC01,2200,096EABU001,ABU096EA1001A,22-01-14 19:24,22-01-14 07:53,ICSI,FBGA-96LEA,2600,01/15/2022 MP,,,R02BUB703,FBGA-96LEA,ICSI,ABU096EA1001A,1091A07C21,225.8244,2022-01-14 19:24:18
BB558,UTC1000S,WAIT-REPAIR,R02ABGK18,2200,054TNAB036,AAB054TN1005A,22-01-14 13:55:30,22-01-14 15:22,WINBOND,TSOP2-54ME,2880,01/16/2022 MP,1091A07T21,,R02ABGK06,TSOP2-54ME,WINBOND,AAB054TN1005A,1091A07T21,279.6886,2022-01-14 13:55:30
BB559,UTC1000S,RUNNING,R02MSF804,2200,048TWMS063,AMS048TW1053A,22-01-14 20:08,22-01-14 13:14,MTI,TSOP1-48AM,2160,01/17/2022 MP,1091A07T41,,R02MSF803,TSOP1-48AM,MTI,AMS048TW1053A,1091A07T41,313.3538,2022-01-14 20:08:02
BB560,UTC1000S,RUNNING,R02MSFW07,2200,048TWMS056,AMS048TW1048A,22-01-14 19:05,22-01-14 14:15,MTI,TSOP1-48AM,2160,01/18/2022 MP,1091A07T41,,R02MSFW05,TSOP1-48AM,MTI,AMS048TW1048A,1091A07T41,447.2821,2022-01-14 19:05:38
BB561,UTC1000S,RUNNING,P53MSJI10,2200,078ENMS007,AMS078EN1002A,22-01-14 16:26,22-01-14 02:14,MTI,FBGA-78UEN,3480,01/19/2022 MP,1091A06T21,,P53MSJI02,FBGA-78UEN,MTI,AMS078EN1002A,1091A06T21,245.0786,2022-01-14 16:26:09
BB562,UTC1000S,RUNNING,R02BUC601,2200,090NCBU014,ABU090NC8002B,22-01-15 04:42,22-01-14 09:55,ICSI,VFBGA90B4L,4159,01/20/2022 MP,,,R02ABMP05,TSOP2-66ME,WINBOND,AAB066TN1003A,1091A07T21,221.4408,2022-01-15 04:42:42
BB563,UTC1000S,RUNNING,R02ABGK46,2200,054TNAB036,AAB054TN1005A,22-01-14 15:47,22-01-14 05:29,WINBOND,TSOP2-54ME,2880,01/21/2022 MP,1091A07T21,,R02ABGK19,TSOP2-54ME,WINBOND,AAB054TN1005A,1091A07T21,279.6886,2022-01-14 15:47:47
BB564,UTC1000S,RUNNING,R02ABNF02,2200,054NBAB016,AAB054NB6005A,22-01-14 02:14,22-01-14 02:08,WINBOND,VFBGA54B4U,6393,01/18/2022 MP,,,R02ABKC03,FBGA60UEM2-1,WINBOND,AAB060EM2001A,1091A07T21,,2022-01-14 02:14:03
BB565,UTC1000S,RUNNING,R02MSCG01,2200,078EPMS004,AMS078EP1001A,22-01-15 11:30,22-01-13 18:06,MTI,FBGA-78UEP,5720,01/23/2022 MP,1091A06T21,,R02MSAY01,FBGA-78UEP,MTI,AMS078EP1001A,1091A06T21,274.5263,2022-01-15 11:30:27
BB566,UTC1000S,RUNNING,R02BUB904,2200,096EABU001,ABU096EA1001A,22-01-14 15:58,22-01-14 04:24,ICSI,FBGA-96LEA,2612,01/24/2022 MP,1091A07C21,,R02BUB504,FBGA-96LEA,ICSI,ABU096EA1001A,1091A07C21,225.8244,2022-01-14 15:58:26
BB567,UTC1000S,RUNNING,R02AWDM02,2200,064MRAW025,AAW064MR1004A,22-01-15 01:29,22-01-14 15:35,MXIC,MBGA64J4U,4000,01/25/2022 MP,1091A07T41,,R02AWDL02,MBGA64J4U,MXIC,AAW064MR1004A,1091A07T41,404.0291,2022-01-15 01:29:29
BB568,UTC1000S,QC,,,,AMS078C93001B,,,,,,01/26/2022 MP,,,R02AWG904,STBGA52D4L,MXIC,AAW052XY1002A,1091A07T41,269.9102,
BB569,UTC1000S,RUNNING,R02MSCH02,2200,078EPMS004,AMS078EP1001A,22-01-15 11:08,22-01-14 13:57,MTI,FBGA-78UEP,5811,01/27/2022 MP,1091A06T21,,R02MSB304,FBGA-78UEP,MTI,AMS078EP1001A,1091A06T21,274.5263,2022-01-15 11:08:03
BB570,UTC1000S,RUNNING,R02BUB604,2200,096EABU001,ABU096EA1001A,22-01-15 02:12,22-01-14 14:18,ICSI,FBGA-96LEA,2685,01/28/2022 MP,,,R02BUCD03,FBGA-96LEA,ICSI,ABU096EA1001A,1091A07C21,225.8244,2022-01-15 02:12:04
BB571,UTC1000S,IDLE,,,,AAB178NN2001A,,22-01-14 12:08,,,,01/29/2022 MP,,,R02ABKZ08,VFBGA178JEU,WINBOND,AAB178NN2001A,1091A07T21,132.725,
BB572,UTC1000S,RUNNING,R02BUBB03,2200,096EABU001,ABU096EA1001A,22-01-14 21:27,22-01-14 10:06,ICSI,FBGA-96LEA,2560,01/30/2022 MP,,,R02BUCD04,FBGA-96LEA,ICSI,ABU096EA1001A,1091A07C21,225.8244,2022-01-14 21:27:09
BB573,UTC1000S,WAIT-SETUP,R03MSA905,2200,048TWMS063,AMS048TW1053A,22-01-14 19:30:33,22-01-14 15:34,MTI,TSOP1-48AM,2160,01/31/2022 MP,1091A07T41,,R03MSA902,TSOP1-48AM,MTI,AMS048TW1053A,1091A07T41,313.3538,2022-01-14 19:30:33
BB574,UTC1000S,RUNNING,R03ABA407,2200,096ELAB016,AAB096EL1003A,22-01-15 07:59,22-01-14 14:48,WINBOND,FBGA96UEL(2),4168,,,,R03ABA601,FBGA96UEL(2),WINBOND,AAB096EL1003A,1091A07T21,243.0216,2022-01-15 07:59:02
BB575,UTC1000S,RUNNING,R03ABA404,2200,096ELAB016,AAB096EL1003A,22-01-15 03:12,22-01-14 02:54,WINBOND,FBGA96UEL(2),5908,,,,R02ABN602,FBGA96UEL(2),WINBOND,AAB096EL1003A,1091A07T21,243.0216,2022-01-15 03:12:46
BB576,UTC1000S,RUNNING,R02MSCY02,2200,078EPMS004,AMS078EP1001A,22-01-15 11:57,22-01-14 14:23,MTI,FBGA-78UEP,5920,,1091A06T21,,R02MSB204,FBGA-78UEP,MTI,AMS078EP1001A,1091A06T21,274.5263,2022-01-15 11:57:28
BB577,UTC1000S,IDLE,,,,AAB060EM2001A,,22-01-14 11:00,,,,,,,R02ABKC02,FBGA60UEM2-1,WINBOND,AAB060EM2001A,1091A07T21,309.2533,
BB578,UTC1000S,RUNNING,R03ABA804,2200,096ELAB016,AAB096EL1003A,22-01-14 15:36,22-01-13 14:55,WINBOND,FBGA96UEL(2),6000,,1091A07T21,,R02ABN503,FBGA96UEL(2),WINBOND,AAB096EL1003A,1091A07T21,243.0216,2022-01-14 15:36:46
BB579,UTC1000S,RUNNING,R02BUBA01,2200,096EABU001,ABU096EA1001A,22-01-15 01:06,22-01-14 13:46,ICSI,FBGA-96LEA,2560,,,,R02BUB802,FBGA-96LEA,ICSI,ABU096EA1001A,1091A07C21,225.8244,2022-01-15 01:06:30
BB580,UTC1000S,WAIT-REPAIR,R02BUAX02,2200,048MWBU004,BU048MW2005C,22-01-14 09:49:59,22-01-14 15:31,ICSI,MINIBGA48A1,1917,,,,R02GAA103,FBGA-96UEL-2,FIDELIX,AGA096EL2001A,1091A07T21,246.6229,2022-01-14 09:49:59
BB581,UTC1000S,RUNNING,R02MSB502,2200,078EPMS004,AMS078EP1001A,22-01-15 00:03,22-01-14 02:45,MTI,FBGA-78UEP,5850,,,,R02MSAU02,FBGA-78UEP,MTI,AMS078EP1001A,1091A06T21,274.5263,2022-01-15 00:03:49
BB582,UTC1000S,RUNNING,R03ABA402,2200,096ELAB016,AAB096EL1003A,22-01-15 01:16,22-01-14 00:54,WINBOND,FBGA96UEL(2),5918,,,,R02ABN601,FBGA96UEL(2),WINBOND,AAB096EL1003A,1091A07T21,243.0216,2022-01-15 01:16:04
BB583,UTC1000S,RUNNING,R02AWDL01,2200,064MRAW025,AAW064MR1004A,22-01-14 16:12,22-01-14 06:32,MXIC,MBGA64J4U,3906,,1091A07T41,,R02AWE602,MBGA64J4U,MXIC,AAW064MR1004A,1091A07T41,404.0291,2022-01-14 16:12:57
BB584,UTC1000S,IDLE,,,,AMS078C91003A,,22-01-13 23:38,,,,,,,R02MSFF06,FBGA-78U9,MTI,AMS078C91003A,1091A06T41,322.0679,
BB585,UTC1000S,RUNNING,R02VGAA01,2200,048TPVG001,ABU048TP2006A,22-01-14 16:03,22-01-14 11:58,ISSI-VG,TSOP1-48/48M,2160,,1091A08C21,,R02VGAA02,TSOP1-48/48M,ISSI-VG,ABU048TP2006A,1091A08C21,527.9668,2022-01-14 16:03:39
BB586,UTC1000S,RUNNING,R03ABA501,2200,096ELAB016,AAB096EL1003A,22-01-14 17:11,22-01-13 16:54,WINBOND,FBGA96UEL(2),5900,,,,R02ABN401,FBGA96UEL(2),WINBOND,AAB096EL1003A,1091A07T21,243.0216,2022-01-14 17:11:23
BB587,UTC1000S,RUNNING,R02AWHA06,2200,048TPAW054,AAW048TP1026E,22-01-14 16:54,22-01-14 11:13,MXIC,TSOP1-48/48M,2160,01/14/2022 MP,1091A08T41,4,R02AWHB09,TSOP1-48/48M,MXIC,AAW048TP1026E,1091A08T41,379.4022,2022-01-14 16:54:53
BB588,UTC1000S,RUNNING,R02AWHC01,2200,048TPAW054,AAW048TP1026E,22-01-14 20:07,22-01-14 14:26,MXIC,TSOP1-48/48M,2160,01/15/2022 MP,1091A08T41,4,R02AWH302,TSOP1-48/48M,MXIC,AAW048TP1026E,1091A08T41,379.4022,2022-01-14 20:07:52
BB589,UTC1000S,RUNNING,R02AWHN04,2200,024MAAW045,AAW024MA6022C,22-01-14 19:34,22-01-14 10:00,MXIC,MINIBGA24A4L,6145,01/16/2022 MP,,,R02ABKC01,FBGA60UEM2-1,WINBOND,AAB060EM2001A,1091A07T21,643.1842,2022-01-14 19:34:57
BB590,UTC1000S,RUNNING,R02AWEV09,2200,024MAAW016,AAW024MA6006C,22-01-14 17:48,22-01-14 12:23,MXIC,MINIBGA24A3L,8600,01/17/2022 MP,1091A07T41,,R02AWEV11,MINIBGA24A3L,MXIC,AAW024MA6006C,1091A07T41,1246.9032,2022-01-14 17:48:41
BB591,UTC1000S,RUNNING,R02BUBB04,2200,096EABU001,ABU096EA1001A,22-01-14 17:51,22-01-14 10:51,ICSI,FBGA-96LEA,1573,01/18/2022 MP,,,R02BUCD05,FBGA-96LEA,ICSI,ABU096EA1001A,1091A07C21,225.8244,2022-01-14 17:51:22
BB592,UTC1000S,RUNNING,R02ABGK50,2200,054TNAB036,AAB054TN1005A,22-01-14 17:12,22-01-14 06:54,WINBOND,TSOP2-54ME,2880,01/19/2022 MP,1091A07T21,,R02ABGK16,TSOP2-54ME,WINBOND,AAB054TN1005A,1091A07T21,279.6886,2022-01-14 17:12:34
BB593,UTC1000S,RUNNING,R02ABGK25,2200,054TNAB036,AAB054TN1005A,22-01-14 09:52,22-01-13 23:34,WINBOND,TSOP2-54ME,2880,01/20/2022 MP,1091A07T21,,R02ABGK34,TSOP2-54ME,WINBOND,AAB054TN1005A,1091A07T21,279.6886,2022-01-14 09:52:44
BB594,UTC1000S,QC,R02ABGK49,2200,054TNAB036,AAB054TN1005A,,,WINBOND,TSOP2-54ME,2880,01/21/2022 MP,1091A07T21,,R02ABGK39,TSOP2-54ME,WINBOND,AAB054TN1005A,1091A07T21,279.6886,2022-01-14 17:00:23
BB595,UTC1000S,RUNNING,R02AWHA12,2200,048TPAW054,AAW048TP1026E,22-01-14 16:02,22-01-14 10:20,MXIC,TSOP1-48/48M,2160,01/19/2022 MP,1091A08T41,4,R02AWG106,TSOP1-48/48M,MXIC,AAW048TP1026E,1091A08T41,379.4022,2022-01-14 16:02:30
BB596,UTC1000S,RUNNING,R02AWHC07,2200,048TPAW054,AAW048TP1026E,22-01-14 20:47,22-01-14 15:06,MXIC,TSOP1-48/48M,2160,01/23/2022 MP,1091A08T41,4,R02AWHC06,TSOP1-48/48M,MXIC,AAW048TP1026E,1091A08T41,379.4022,2022-01-14 20:47:35
BB597,UTC1000S,RUNNING,R02BUC701,2200,054NBBU006,ABU054NB2004C,22-01-15 02:28,22-01-13 23:15,ICSI,VFBGA54B4,3871,01/24/2022 MP,1091A07C21,,R02BUC702,VFBGA54B4,ICSI,ABU054NB2004C,1091A07C21,342.5228,2022-01-15 02:28:03
BB598,UTC1000S,RUNNING,R03ABA805,2200,096ELAB016,AAB096EL1003A,22-01-14 22:09,22-01-13 21:28,WINBOND,FBGA96UEL(2),6000,01/25/2022 MP,1091A07T21,,R02ABP301,FBGA96UEL(2),WINBOND,AAB096EL1003A,1091A07T21,243.0216,2022-01-14 22:09:47
BB599,UTC1000S,IDLE,,,,AAB096EL1017A,,22-01-14 09:33,,,,01/26/2022 MP,,,R02ABMA03,FBGA96UEL(2),WINBOND,AAB096EL1017A,1091A07T21,215.8662,
BB600,UTC1000S,WAIT-REPAIR,,,,ABU054NB2004C,,22-01-14 15:10,,,,01/27/2022 MP,,,R02BUC701,VFBGA54B4,ICSI,ABU054NB2004C,1091A07C21,342.5228,
BB601,UTC1000S,RUNNING,R03ABA504,2200,096ELAB016,AAB096EL1003A,22-01-14 19:10,22-01-14 05:33,WINBOND,FBGA96UEL(2),3299,01/28/2022 MP,,,R02ABN506,FBGA96UEL(2),WINBOND,AAB096EL1003A,1091A07T21,243.0216,2022-01-14 19:10:15
BB602,UTC1000S,RUNNING,R02AWHG06,2200,048TPAW054,AAW048TP1026E,22-01-14 19:46,22-01-14 15:11,MXIC,TSOP1-48/48M,1736,01/29/2022 MP,,,R02AWHC03,TSOP1-48/48M,MXIC,AAW048TP1026E,1091A08T41,379.4022,2022-01-14 19:46:53
BB603,UTC1000S,RUNNING,R02AWHC05,2200,048TPAW054,AAW048TP1026E,22-01-14 15:30,22-01-14 09:49,MXIC,TSOP1-48/48M,2160,01/30/2022 MP,1091A08T41,4,R02AWHA03,TSOP1-48/48M,MXIC,AAW048TP1026E,1091A08T41,379.4022,2022-01-14 15:30:54
BB604,UTC1000S,RUNNING,P51ABHF10,2200,178NNAB002,AAB178NN2001A,22-01-15 01:50,22-01-12 17:04,WINBOND,VFBGA178JEU,2309,01/31/2022 MP,1091A07T21,,R02ABKZ04,VFBGA178JEU,WINBOND,AAB178NN2001A,1091A07T21,132.725,2022-01-15 01:50:51
BB605,UTC1000S,RUNNING,R03ABAA02,2200,096ELAB016,AAB096EL1003A,22-01-15 07:20,22-01-14 06:56,WINBOND,FBGA96UEL(2),5929,,1091A07T21,,R03ABA603,FBGA96UEL(2),WINBOND,AAB096EL1003A,1091A07T21,243.0216,2022-01-15 07:20:11
BB606,UTC1000S,RUNNING,P53ABAW12,2200,178NNAB002,AAB178NN2001A,22-01-15 01:52,22-01-13 22:26,WINBOND,VFBGA178JEU,3646,,1091A07T21,,P53ABAW05,VFBGA178JEU,WINBOND,AAB178NN2001A,1091A07T21,132.725,2022-01-15 01:52:16
BB607,UTC1000S,RUNNING,R03ABA904,2200,096ELAB016,AAB096EL1003A,22-01-15 07:14,22-01-14 06:52,WINBOND,FBGA96UEL(2),5920,,1091A07T21,,R03ABA901,FBGA96UEL(2),WINBOND,AAB096EL1003A,1091A07T21,243.0216,2022-01-15 07:14:14
BB608,UTC1000S,WAIT-REPAIR,,,,AAB096EL1003A,,22-01-13 10:55,,,,,,,R02ABP101,FBGA96UEL(2),WINBOND,AAB096EL1003A,1091A07T21,243.0216,
BB609,UTC1000S,RUNNING,R03MSAI01,2200,048TWMS068,AMS048TW1058A,22-01-14 19:20,22-01-14 13:06,MTI,TSOP1-48AM,2160,,,,R03MSAG02,TSOP1-48AM,MTI,AMS048TW1058A,1091A07T41,347.2018,2022-01-14 19:20:12
BB610,UTC1000S,RUNNING,P53ABAW10,2200,178NNAB002,AAB178NN2001A,22-01-14 20:34,22-01-14 05:40,WINBOND,VFBGA178JEU,1976,,1091A07T21,,P53ABAW03,VFBGA178JEU,WINBOND,AAB178NN2001A,1091A07T21,132.725,2022-01-14 20:34:32
BB611,UTC1000S,RUNNING,R03ABAQ02,2200,096ELAB016,AAB096EL1003A,22-01-15 07:33,22-01-14 06:59,WINBOND,FBGA96UEL(2),5970,,1091A07T21,,R03ABA602,FBGA96UEL(2),WINBOND,AAB096EL1003A,1091A07T21,243.0216,2022-01-15 07:33:53
BB612,UTC1000S,RUNNING,R03BUA601,2200,054NBBU006,ABU054NB2004C,22-01-14 20:12,22-01-14 08:46,ICSI,VFBGA54B4,3920,,,,R02BUC704,VFBGA54B4,ICSI,ABU054NB2004C,1091A07C21,342.5228,2022-01-14 20:12:53
BB613,UTC1000S,RUNNING,R02ABKZ07,2200,178NNAB002,AAB178NN2001A,22-01-14 17:27,22-01-14 00:43,WINBOND,VFBGA178JEU,2220,,1091A07T21,,P51ABHF11,VFBGA178JEU,WINBOND,AAB178NN2001A,1091A07T21,132.725,2022-01-14 17:27:13
BB614,UTC1000S,IDLE,,,,AAB060EM2001A,,22-01-14 10:35,,,,,,,R02ABK601,FBGA60UEM2-1,WINBOND,AAB060EM2001A,1091A07T21,309.2533,
BB615,UTC1000S,RUNNING,R02BUB803,2200,096EABU001,ABU096EA1001A,22-01-14 18:41,22-01-14 07:10,ICSI,FBGA-96LEA,2600,,1091A07C21,,P51ABHF02,VFBGA178JEU,WINBOND,AAB178NN2001A,1091A07T21,225.8244,2022-01-14 18:41:06
BB616,UTC1000S,RUNNING,R03MSA904,2200,048TWMS063,AMS048TW1053A,22-01-14 21:16,22-01-14 14:22,MTI,TSOP1-48AM,2160,,1091A07T41,,R02MSF805,TSOP1-48AM,MTI,AMS048TW1053A,1091A07T41,313.3538,2022-01-14 21:16:28
BB617,UTC1000S,SETUP,,,,AMS078C93001B,22-01-14 16:35,22-01-14 15:11,,,,,,,R02ABKZ09,VFBGA178JEU,WINBOND,AAB178NN2001A,1091A07T21,269.9102,
BB618,UTC1000S,PM,,,,AMS078EP1001A,22-01-14 19:00,22-01-14 15:00,,,,01/14/2022 MP,,,R02MSCM01,FBGA-78UEP,MTI,AMS078EP1001A,1091A06T21,274.5263,
BB619,UTC1000S,IDLE,,,,AAW024MA5007A,,22-01-14 15:38,,,,01/15/2022 MP,,,R02AWE704,MINIBGA24A3L,MXIC,AAW024MA5007A,1091A07T41,1609.1883,
BB620,UTC1000S,RUNNING,R02AWHG05,2200,048TPAW054,AAW048TP1026E,22-01-14 19:47,22-01-14 14:05,MXIC,TSOP1-48/48M,2160,01/16/2022 MP,,,R02AWHA11,TSOP1-48/48M,MXIC,AAW048TP1026E,1091A08T41,379.4022,2022-01-14 19:47:12
BB621,UTC1000S,STOP,R02BUBB01,2200,096EABU001,ABU096EA1001A,22-01-14 14:47,22-01-14 14:47,ICSI,FBGA-96LEA,2600,01/17/2022 MP,,,R02BUB505,FBGA-96LEA,ICSI,ABU096EA1001A,1091A07C21,225.8244,2022-01-14 18:19:17
BB622,UTC1000S,RUNNING,R02AWHC12,2200,048TPAW054,AAW048TP1026E,22-01-14 19:41,22-01-14 14:00,MXIC,TSOP1-48/48M,2160,01/18/2022 MP,1091A08T41,4,R02AWH301,TSOP1-48/48M,MXIC,AAW048TP1026E,1091A08T41,379.4022,2022-01-14 19:41:48
BB623,UTC1000S,RUNNING,R03ABA903,2200,096ELAB016,AAB096EL1003A,22-01-14 22:11,22-01-13 21:54,WINBOND,FBGA96UEL(2),5902,01/19/2022 MP,1091A07T21,,R02ABN505,FBGA96UEL(2),WINBOND,AAB096EL1003A,1091A07T21,243.0216,2022-01-14 22:11:29
BB624,UTC1000S,RUNNING,R02BUAP02,2200,096EFBU002,ABU096EF2002A,22-01-14 19:57,22-01-13 23:10,ICSI,FBGA-96UEF,5000,01/20/2022 MP,,,R02CDAP05,FBGA-96UH6B,ETRON,ACD096CA4001B,1091A07T41,240.5742,2022-01-14 19:57:54
BB701,UTC2000,RUNNING,R03MSI204,2200,096ECMS010,AMS096EC3001B,22-01-15 10:20,22-01-14 11:16,MTI,FBGA-96UEC,5528,01/29/2022 MP,1091A06T21,,P53BUFJ01,VFBGA200DAP,ICSI,ABU200N78001A,1091A07C21,239.5637,2022-01-15 10:20:58
BB702,UTC2000,WAIT-REPAIR,,,,AAW048TP1041B,,22-01-13 21:20,,,,01/30/2022 MP,,,R02AWBG10,TSOP1-48/M2,MXIC,AAW048TP1041B,1091A08T41,68.3815,
BB703,UTC2000,WAIT-SETUP,,,,AAW024XJ6014A,,22-01-14 06:50,,,,01/31/2022 MP,,,R02ABLN03,TSOP2-66ME,WINBOND,AAB066TN1004A,1091A07T21,421.8269,
BB704,UTC2000,RUNNING,R02YZA501,2200,096EFYZ004,AYZ096EF2003A,22-01-14 17:55,22-01-14 00:56,ZJP,FBGA-96UEF,2479,,1091A07T21,4,R02YZA109,FBGA-96UEF,ZJP,AYZ096EF2003A,1091A07T21,145.9357,2022-01-14 17:55:17
BB705,UTC2000,RUNNING,R02AWCH22,2200,048TPAW086,AAW048TP1041B,22-01-14 16:29,22-01-14 05:57,MXIC,TSOP1-48/M2,720,,1091A08T41,,R02AWBG38,TSOP1-48/M2,MXIC,AAW048TP1041B,1091A08T41,68.3815,2022-01-14 16:29:19
BB706,UTC2000,RUNNING,R03MSFN05,2200,078U9MS017,AMS078C93001B,22-01-15 20:32,22-01-14 07:51,MTI,FBGA-78U9,6680,,,,R02ABN204,VFBGA54B4U,WINBOND,AAB054NR2001A,1091A08T21,182.1146,2022-01-15 20:32:05
BB707,UTC2000,QC,R02AWA403,2200,048TPAW086,AAW048TP1041B,,,MXIC,TSOP1-48/M2,720,,,,R02AWCH17,TSOP1-48/M2,MXIC,AAW048TP1041B,1091A08T41,68.3815,2022-01-14 21:38:01
BB708,UTC2000,IDLE,,,,ASS153XT3001A,,22-01-14 12:23,,,,,,,R02SSA130,SSBGA153JAU,HOSIN,ASS153XT3001A,1091A07C41,127.2132,
BB709,UTC2000,RUNNING,R03ABA502,2200,096ELAB016,AAB096EL1003A,22-01-15 03:53,22-01-14 01:59,WINBOND,FBGA96UEL(2),6000,,,,R02ABN507,FBGA96UEL(2),WINBOND,AAB096EL1003A,1091A07T21,231.6081,2022-01-15 03:53:54
BB710,UTC2000,RUNNING,R03MSI707,2200,096ECMS010,AMS096EC3001B,22-01-15 07:00,22-01-14 07:48,MTI,FBGA-96UEC,5560,,1091A06T21,,R02BUBJ02,FBGA-84UC(2),ICSI,ABU084CC2001C,1091A08C21,239.5637,2022-01-15 07:00:47
BB711,UTC2000,STOP,R03MSFM01,2200,078U9MS017,AMS078C93001B,22-01-14 15:14,22-01-14 15:14,MTI,FBGA-78U9,6716,,1091A06T21,,R03MSFL05,FBGA-78U9,MTI,AMS078C93001B,1091A06T21,182.1146,2022-01-15 19:13:42
BB712,UTC2000,IDLE,,,,AAB054TN1005A,,22-01-14 14:54,,,,,,,R02ABGK47,TSOP2-54ME,WINBOND,AAB054TN1005A,1091A07T21,299.4645,
BB713,UTC2000,WAIT-SETUP,,,,AAW024XJ6014A,,22-01-14 15:32,,,,,,,P53MSJJ07,FBGA-78UEN,MTI,AMS078EN1002A,1091A06T21,421.8269,
BB714,UTC2000,RUNNING,R02ABLG05,2200,054NRAB004,AAB054NR2001A,22-01-14 15:42,22-01-13 13:53,WINBOND,VFBGA54B4U,7880,,1091A08T21,4,R02ABLN01,TSOP2-66ME,WINBOND,AAB066TN1004A,1091A07T21,305.3403,2022-01-14 15:42:25
BB715,UTC2000,RUNNING,R02SSA126,2200,153XTSS011,ASS153XT3001A,22-01-14 01:39,22-01-13 10:56,HOSIN,SSBGA153JAU,1874,,1091A07C41,4,R02SSA119,SSBGA153JAU,HOSIN,ASS153XT3001A,1091A07C41,127.2132,2022-01-14 01:39:56
BB716,UTC2000,RUNNING,R03MSFL03,2200,078U9MS017,AMS078C93001B,22-01-15 07:09,22-01-13 18:46,MTI,FBGA-78U9,6626,,1091A06T21,,R02ABLZ02,STBGA24D6U,WINBOND,AAB024XJ6006A,1091A07T21,182.1146,2022-01-15 07:09:06
BB717,UTC2000,RUNNING,R02AWA401,2200,048TPAW086,AAW048TP1041B,22-01-14 23:38,22-01-14 13:07,MXIC,TSOP1-48/M2,720,01/14/2022 MP,,,R02AWCH07,TSOP1-48/M2,MXIC,AAW048TP1041B,1091A08T41,68.3815,2022-01-14 23:38:50
BB718,UTC2000,IDLE,,,,AMS078EP1001A,,22-01-14 12:33,,,,01/15/2022 MP,,,R02MSAM04,FBGA-78UEP,MTI,AMS078EP1001A,1091A06T21,246.8543,
BB719,UTC2000,RUNNING,R02YZA511,2200,096EFYZ004,AYZ096EF2003A,22-01-14 16:47,22-01-13 23:47,ZJP,FBGA-96UEF,2480,01/16/2022 MP,1091A07T21,4,R02YZA309,FBGA-96UEF,ZJP,AYZ096EF2003A,1091A07T21,145.9357,2022-01-14 16:47:17
BB720,UTC2000,IDLE,,,,AAW048TP1041B,,22-01-14 15:36,,,,01/17/2022 MP,,,R02AWBG10,TSOP1-48/M2,MXIC,AAW048TP1041B,1091A08T41,68.3815,
BB721,UTC2000,RUNNING,R02MSCU02,2200,078EPMS004,AMS078EP1001A,22-01-15 13:53,22-01-14 14:39,MTI,FBGA-78UEP,5736,01/18/2022 MP,1091A06T21,,R02MSCL04,FBGA-78UEP,MTI,AMS078EP1001A,1091A06T21,246.8543,2022-01-15 13:53:43
BB722,UTC2000,WAIT-REPAIR,,,,AMS078EP1001A,,22-01-14 12:34,,,,01/19/2022 MP,,,R02MSCL04,FBGA-78UEP,MTI,AMS078EP1001A,1091A06T21,246.8543,
BB723,UTC2000,RUNNING,R02ABN211,2200,054NRAB004,AAB054NR2001A,22-01-14 12:31,22-01-13 10:49,WINBOND,VFBGA54B4U,7851,01/20/2022 MP,1091A08T21,,R02AWE105,STBGA24A4L,MXIC,AAW024XJ6010B,1091A07T41,305.3403,2022-01-14 12:31:55
BB724,UTC2000,IDLE,,,,AAB054TN1005A,,22-01-14 14:44,,,,01/21/2022 MP,,,R02ABGK56,TSOP2-54ME,WINBOND,AAB054TN1005A,1091A07T21,299.4645,
BB725,UTC2000,RUNNING,R03MSFL01,2200,078U9MS017,AMS078C93001B,22-01-15 05:32,22-01-13 17:04,MTI,FBGA-78U9,6640,01/20/2022 MP,1091A06T21,,R02AWFA01,MBGA64J4U,MXIC,AAW064MR1008B,1091A07T41,182.1146,2022-01-15 05:32:23
BB726,UTC2000,RUNNING,R03MSAG01,2200,048TWMS068,AMS048TW1058A,22-01-14 15:38,22-01-14 09:00,MTI,TSOP1-48AM,2160,01/23/2022 MP,1091A07T41,,R02ABL901,FBGA96UEL(2),WINBOND,AAB096EL1003A,1091A07T21,325.5382,2022-01-14 15:38:12
BB727,UTC2000,RUNNING,R03MSFN01,2200,078U9MS017,AMS078C93001B,22-01-15 11:34,22-01-13 22:40,MTI,FBGA-78U9,6720,01/24/2022 MP,,,R02SSA124,SSBGA153JAU,HOSIN,ASS153XT3001A,1091A07C41,182.1146,2022-01-15 11:34:36
BB728,UTC2000,RUNNING,R02ABGK44,2200,054TNAB036,AAB054TN1005A,22-01-14 14:47,22-01-14 05:10,WINBOND,TSOP2-54ME,2880,01/25/2022 MP,1091A07T21,,R02ABGK42,TSOP2-54ME,WINBOND,AAB054TN1005A,1091A07T21,299.4645,2022-01-14 14:47:36
BB729,UTC2000,RUNNING,R02SSA130,2200,153XTSS011,ASS153XT3001A,22-01-15 11:38,22-01-13 07:13,HOSIN,SSBGA153JAU,2966,01/26/2022 MP,1091A07C41,4,R02SSA122,SSBGA153JAU,HOSIN,ASS153XT3001A,1091A07C41,127.2132,2022-01-15 11:38:54
BB730,UTC2000,IDLE,,,,AAB054TN1005A,,22-01-14 13:02,,,,01/27/2022 MP,,,R02ABGK24,TSOP2-54ME,WINBOND,AAB054TN1005A,1091A07T21,299.4645,
BB731,UTC2000,WAIT-SETUP,,,,AMS096EC1002A,,22-01-14 14:54,,,,01/28/2022 MP,,,R02YZA123,FBGA-96UEF,ZJP,AYZ096EF2003A,1091A07T21,305.6722,
BB732,UTC2000,ENG,,,,AAW024XJ6001B,22-01-06 08:39,22-01-06 08:39,,,,01/29/2022 MP,,,P47AWA807,STBGA24A3L,MXIC,AAW024XJ6001B,1091A07T41,,
BB733,UTC2000,RUNNING,R03MSFN03,2200,078U9MS017,AMS078C93001B,22-01-15 17:18,22-01-14 04:34,MTI,FBGA-78U9,6687,01/30/2022 MP,,,R02ABGZ01,STBGA24D6U,WINBOND,AAB024XJ6010A,1091A07T21,182.1146,2022-01-15 17:18:00
BB734,UTC2000,RUNNING,R02AWGA15,2200,048TPAW103,AAW048TP1008B,22-01-14 20:54,22-01-14 09:27,MXIC,TSOP1-48/M2,720,01/31/2022 MP,1091A08T41,,R02AWCU42,TSOP1-48/M2,MXIC,AAW048TP1008B,1091A08T41,62.8647,2022-01-14 20:54:36
BB735,UTC2000,RUNNING,R03MSFL04,2200,078U9MS017,AMS078C93001B,22-01-15 13:39,22-01-14 00:59,MTI,FBGA-78U9,6678,,1091A06T21,,R02ABNZ01,STBGA24D6U,WINBOND,AAB024XJ6008A,1091A07T21,182.1146,2022-01-15 13:39:49
BB736,UTC2000,RUNNING,R02AWGE17,2200,048TPAW103,AAW048TP1008B,22-01-14 13:38,22-01-14 02:11,MXIC,TSOP1-48/M2,720,,1091A08T41,,R02AWCU44,TSOP1-48/M2,MXIC,AAW048TP1008B,1091A08T41,62.8647,2022-01-14 13:38:38
BB737,UTC2000,QC,R03YZA102,2200,096EFYZ004,AYZ096EF2003A,,,ZJP,FBGA-96UEF,2500,,,,R02YZA121,FBGA-96UEF,ZJP,AYZ096EF2003A,1091A07T21,145.9357,2022-01-15 00:18:42
BB738,UTC2000,RUNNING,R03ABA503,2200,096ELAB016,AAB096EL1003A,22-01-15 05:00,22-01-14 03:06,WINBOND,FBGA96UEL(2),6000,,,,R03ABA701,FBGA96UEL(2),WINBOND,AAB096EL1003A,1091A07T21,231.6081,2022-01-15 05:00:39
BB745,UTC2000,RUNNING,R03YZA103,2200,096EFYZ004,AYZ096EF2003A,22-01-15 01:02,22-01-14 07:54,ZJP,FBGA-96UEF,2500,,,,R02YZA120,FBGA-96UEF,ZJP,AYZ096EF2003A,1091A07T21,145.9357,2022-01-15 01:02:50
BB746,UTC2000,RUNNING,R02AWGE22,2200,048TPAW103,AAW048TP1008B,22-01-14 20:54,22-01-14 09:27,MXIC,TSOP1-48/M2,720,,1091A08T41,,R02AWET02,TSOP1-48/M2,MXIC,AAW048TP1008B,1091A08T41,62.8647,2022-01-14 20:54:16
BB747,UTC2000,RUNNING,R02AWGE19,2200,048TPAW103,AAW048TP1008B,22-01-14 19:44,22-01-14 08:16,MXIC,TSOP1-48/M2,720,,1091A08T41,,R02AWCU40,TSOP1-48/M2,MXIC,AAW048TP1008B,1091A08T41,62.8647,2022-01-14 19:44:10
BB748,UTC2000,RUNNING,R02AWBG41,2200,048TPAW086,AAW048TP1041B,22-01-14 16:33,22-01-14 06:01,MXIC,TSOP1-48/M2,720,,1091A08T41,,R02AWBG37,TSOP1-48/M2,MXIC,AAW048TP1041B,1091A08T41,68.3815,2022-01-14 16:33:10
BB749,UTC2000,IDLE,,,,AYZ096EF2003A,,22-01-14 14:40,,,,,,,R02YZA508,FBGA-96UEF,ZJP,AYZ096EF2003A,1091A07T21,145.9357,
BB750,UTC2000,WAIT-REPAIR,R02ABN212,2200,054NRAB004,AAB054NR2001A,22-01-14 11:48:33,22-01-14 14:15,WINBOND,VFBGA54B4U,7760,,1091A08T21,,R02ABLH07,VFBGA54B4U,WINBOND,AAB054NR2001A,1091A08T21,305.3403,2022-01-14 11:48:33
BB751,UTC2000,RUNNING,P53MSJL09,2200,078ENMS007,AMS078EN1002A,22-01-14 17:44,22-01-14 03:38,MTI,FBGA-78UEN,3540,,1091A06T21,,P53MSJB10,FBGA-78UEN,MTI,AMS078EN1002A,1091A06T21,251.2358,2022-01-14 17:44:27
BB752,UTC2000,RUNNING,R03YZA101,2200,096EFYZ004,AYZ096EF2003A,22-01-15 01:34,22-01-14 08:26,ZJP,FBGA-96UEF,2500,,,,R02YZA126,FBGA-96UEF,ZJP,AYZ096EF2003A,1091A07T21,145.9357,2022-01-15 01:34:40
BB753,UTC2000,RUNNING,R03MSI605,2200,096ECMS010,AMS096EC3001B,22-01-14 21:04,22-01-13 22:01,MTI,FBGA-96UEC,5525,,,,R02MSHT03,FBGA-96UEC,MTI,AMS096EC3001B,1091A06T21,239.5637,2022-01-14 21:04:58
BB754,UTC2000,RUNNING,R02YZA507,2200,096EFYZ004,AYZ096EF2003A,22-01-14 17:36,22-01-14 00:28,ZJP,FBGA-96UEF,2500,01/14/2022 MP,1091A07T21,4,R02YZA319,FBGA-96UEF,ZJP,AYZ096EF2003A,1091A07T21,145.9357,2022-01-14 17:36:05
BB755,UTC2000,WAIT-REPAIR,,,,AVE054TS1001E,,22-01-14 02:01,,,,01/15/2022 MP,,,P53VEVG03,TSOP2-54CMES,Everspin,AVE054TS1001E,1091A08T21,142.9056,
BB756,UTC2000,RUNNING,R02AWGE09,2200,048TPAW103,AAW048TP1008B,22-01-14 21:07,22-01-14 09:40,MXIC,TSOP1-48/M2,720,01/16/2022 MP,1091A08T41,,R02AWCU33,TSOP1-48/M2,MXIC,AAW048TP1008B,1091A08T41,62.8647,2022-01-14 21:07:20
BB757,UTC2000,RUNNING,R02YZA512,2200,096EFYZ004,AYZ096EF2003A,22-01-14 16:49,22-01-13 23:50,ZJP,FBGA-96UEF,2477,01/17/2022 MP,1091A07T21,4,R02YZA106,FBGA-96UEF,ZJP,AYZ096EF2003A,1091A07T21,145.9357,2022-01-14 16:49:22
BB758,UTC2000,RUNNING,R02ABLG07,2200,054NRAB004,AAB054NR2001A,22-01-14 14:58,22-01-13 13:25,WINBOND,VFBGA54B4U,7800,01/18/2022 MP,1091A08T21,4,R02ABN203,VFBGA54B4U,WINBOND,AAB054NR2001A,1091A08T21,305.3403,2022-01-14 14:58:32
BB759,UTC2000,RUNNING,R02AWCH11,2200,048TPAW086,AAW048TP1041B,22-01-14 14:58,22-01-14 04:26,MXIC,TSOP1-48/M2,720,01/19/2022 MP,1091A08T41,,R02AWB519,TSOP1-48/M2,MXIC,AAW048TP1041B,1091A08T41,68.3815,2022-01-14 14:58:36
BB760,UTC2000,RUNNING,R02AWCH20,2200,048TPAW086,AAW048TP1041B,22-01-14 23:10,22-01-14 12:38,MXIC,TSOP1-48/M2,720,01/20/2022 MP,1091A08T41,,R02AWBG45,TSOP1-48/M2,MXIC,AAW048TP1041B,1091A08T41,68.3815,2022-01-14 23:10:10
BB761,UTC2000,RUNNING,R02AWGE14,2200,048TPAW103,AAW048TP1008B,22-01-14 09:49,22-01-13 22:21,MXIC,TSOP1-48/M2,720,01/21/2022 SP,1091A08T41,,R02AWCU34,TSOP1-48/M2,MXIC,AAW048TP1008B,1091A08T41,62.8647,2022-01-14 09:49:01
BB762,UTC2000,IDLE,,,,AYZ096EF2003A,,22-01-14 10:17,,,,01/21/2022 SP,,,R02YZA113,FBGA-96UEF,ZJP,AYZ096EF2003A,1091A07T21,145.9357,
BB763,UTC2000,WAIT-SETUP,,,,AMS096EC1002A,,22-01-14 14:01,,,,01/23/2022 MP,,,R02YZA516,FBGA-96UEF,ZJP,AYZ096EF2003A,1091A07T21,305.6722,
BB764,UTC2000,RUNNING,R03ABA403,2200,096ELAB016,AAB096EL1003A,22-01-15 01:36,22-01-14 00:02,WINBOND,FBGA96UEL(2),5920,01/24/2022 MP,,,R03ABA905,FBGA96UEL(2),WINBOND,AAB096EL1003A,1091A07T21,231.6081,2022-01-15 01:36:33
BB765,UTC2000,RUNNING,R03YZA105,2200,096EFYZ004,AYZ096EF2003A,22-01-15 06:45,22-01-14 13:45,ZJP,FBGA-96UEF,2480,01/25/2022 MP,,,R02YZA114,FBGA-96UEF,ZJP,AYZ096EF2003A,1091A07T21,145.9357,2022-01-15 06:45:16
BB766,UTC2000,RUNNING,R02ABN213,2200,054NRAB004,AAB054NR2001A,22-01-14 21:00,22-01-13 19:58,WINBOND,VFBGA54B4U,7647,01/26/2022 MP,1091A08T21,,R02ABLG02,VFBGA54B4U,WINBOND,AAB054NR2001A,1091A08T21,305.3403,2022-01-14 21:00:58
BB767,UTC2000,RUNNING,R02AWCH23,2200,048TPAW086,AAW048TP1041B,22-01-14 12:26,22-01-14 01:54,MXIC,TSOP1-48/M2,720,01/27/2022 MP,1091A08T41,,R02AWBG35,TSOP1-48/M2,MXIC,AAW048TP1041B,1091A08T41,68.3815,2022-01-14 12:26:09
BB768,UTC2000,QC,,,,AVE054TS1001E,,,,,,01/28/2022 MP,,,R02ABN215,VFBGA54B4U,WINBOND,AAB054NR2001A,1091A08T21,142.9056,
BB769,UTC2000,IDLE,,,,ABU100X69007A,,22-01-13 23:53,,,,01/29/2022 MP,,,R80CMBA01,SSBGA100D4U,ENG,ABU100X69007A,1091A07C21,,
BB770,UTC2000,RUNNING,R03ABAA03,2200,096ELAB016,AAB096EL1003A,22-01-15 09:46,22-01-14 08:11,WINBOND,FBGA96UEL(2),5927,01/30/2022 MP,1091A07T21,,R02ABN502,FBGA96UEL(2),WINBOND,AAB096EL1003A,1091A07T21,231.6081,2022-01-15 09:46:47
BB771,UTC2000,RUNNING,R02AWCH27,2200,048TPAW086,AAW048TP1041B,22-01-14 14:51,22-01-14 04:19,MXIC,TSOP1-48/M2,720,01/31/2022 MP,1091A08T41,,R02AWB548,TSOP1-48/M2,MXIC,AAW048TP1041B,1091A08T41,68.3815,2022-01-14 14:51:27
BB772,UTC2000,RUNNING,R02BUB601,2200,096EABU001,ABU096EA1001A,22-01-14 20:30,22-01-14 09:53,ICSI,FBGA-96LEA,2520,,,,R02BUB202,FBGA-96LEA,ICSI,ABU096EA1001A,1091A07C21,237.7557,2022-01-14 20:30:06
BB773,UTC2000,WAIT-SETUP,,,,AMS096EC1002A,,22-01-14 15:16,,,,,,,R02YZA513,FBGA-96UEF,ZJP,AYZ096EF2003A,1091A07T21,305.6722,
BB774,UTC2000,WAIT-SETUP,,,,AAW024XJ6014A,,22-01-14 15:17,,,,,,,R02ABN210,VFBGA54B4U,WINBOND,AAB054NR2001A,1091A08T21,421.8269,
BB775,UTC2000,RUNNING,R02YZA519,2200,096EFYZ004,AYZ096EF2003A,22-01-15 03:12,22-01-14 10:21,ZJP,FBGA-96UEF,2460,,1091A07T21,4,R02YZA117,FBGA-96UEF,ZJP,AYZ096EF2003A,1091A07T21,145.9357,2022-01-15 03:12:43
BB776,UTC2000,WAIT-SETUP,,,,AAW024XJ6014A,,22-01-14 15:18,,,,,,,P53MSJI07,FBGA-78UEN,MTI,AMS078EN1002A,1091A06T21,421.8269,
BB777,UTC2000,RUNNING,R03MSFL02,2200,078U9MS017,AMS078C93001B,22-01-15 06:34,22-01-13 18:06,MTI,FBGA-78U9,6639,,1091A06T21,,R02SSA120,SSBGA153JAU,HOSIN,ASS153XT3001A,1091A07C41,182.1146,2022-01-15 06:34:20
BB778,UTC2000,SETUP,R02MSCI04,2200,078EPMS004,AMS078EP1001A,22-01-14 15:51,22-01-14 15:21,MTI,FBGA-78UEP,4403,,,,R02MSB302,FBGA-78UEP,MTI,AMS078EP1001A,1091A06T21,246.8543,2022-01-14 21:11:56
BB779,UTC2000,IN-REPAIR,R02VGAX01,2200,024XWVG005,ABU024XW3011A,22-01-14 23:50:08,22-01-14 15:31,ISSI-VG,STBGA24J4U,5108,,,,R02SSA123,SSBGA153JAU,HOSIN,ASS153XT3001A,1091A07C41,463.7914,2022-01-14 23:50:08
BB780,UTC2000,RUNNING,R02YZA119,2200,096EFYZ004,AYZ096EF2003A,22-01-14 17:12,22-01-14 00:14,ZJP,FBGA-96UEF,2476,,1091A07T21,4,R02YZA112,FBGA-96UEF,ZJP,AYZ096EF2003A,1091A07T21,145.9357,2022-01-14 17:12:30
BB781,UTC2000,IDLE,,,,AYZ096EF2003A,,22-01-14 14:09,,,,,,,R02YZA514,FBGA-96UEF,ZJP,AYZ096EF2003A,1091A07T21,145.9357,
BB782,UTC2000,RUNNING,R02YZA521,2200,096EFYZ004,AYZ096EF2003A,22-01-14 22:59,22-01-14 06:06,ZJP,FBGA-96UEF,2463,,1091A07T21,4,R02YZA118,FBGA-96UEF,ZJP,AYZ096EF2003A,1091A07T21,145.9357,2022-01-14 22:59:28
BB783,UTC2000,SETUP,,,,AAW024XJ6014A,22-01-14 16:07,22-01-14 15:37,,,,,,,R02ABN207,VFBGA54B4U,WINBOND,AAB054NR2001A,1091A08T21,421.8269,
BB784,UTC2000,RUNNING,R02YZA124,2200,096EFYZ004,AYZ096EF2003A,22-01-14 18:04,22-01-14 00:59,ZJP,FBGA-96UEF,2492,,1091A07T21,4,R02YZA111,FBGA-96UEF,ZJP,AYZ096EF2003A,1091A07T21,145.9357,2022-01-14 18:04:02
BB785,UTC2000,PM,R02AWE802,2200,024MAAW010,AAW024MA5007A,22-01-14 19:02,22-01-14 15:02,MXIC,MINIBGA24A3L,8424,01/14/2022 MP,,,R02AWE706,MINIBGA24A3L,MXIC,AAW024MA5007A,1091A07T41,1638.4841,2022-01-14 19:54:45
BB786,UTC2000,IDLE,,,,ASS153XT3001A,,22-01-14 15:04,,,,01/15/2022 MP,,,R02SSA127,SSBGA153JAU,HOSIN,ASS153XT3001A,1091A07C41,127.2132,
BB787,UTC2000,WAIT-SETUP,,,,AAW024XJ6014A,,22-01-14 15:14,,,,01/16/2022 MP,,,R02ABN206,VFBGA54B4U,WINBOND,AAB054NR2001A,1091A08T21,421.8269,
BB788,UTC2000,SETUP,R03YZA104,2200,096EFYZ004,AYZ096EF2003A,22-01-14 15:59,22-01-14 15:29,ZJP,FBGA-96UEF,2483,01/17/2022 MP,,,R02YZA523,FBGA-96UEF,ZJP,AYZ096EF2003A,1091A07T21,145.9357,2022-01-15 01:51:29
BB789,UTC2000,RUNNING,R02BUBA04,2200,096EABU001,ABU096EA1001A,22-01-14 18:22,22-01-14 07:36,ICSI,FBGA-96LEA,2560,01/18/2022 MP,,,R02BUB704,FBGA-96LEA,ICSI,ABU096EA1001A,1091A07C21,237.7557,2022-01-14 18:22:38
BB790,UTC2000,RUNNING,R03MSI608,2200,096ECMS010,AMS096EC3001B,22-01-14 19:59,22-01-14 10:15,MTI,FBGA-96UEC,2318,01/19/2022 MP,,,R03MSI308,FBGA-96UEC,MTI,AMS096EC3001B,1091A06T21,239.5637,2022-01-14 19:59:25
BB791,UTC2000,WAIT-SETUP,,,,AMS096EC1002A,,22-01-14 15:27,,,,01/20/2022 MP,,,R02YZA522,FBGA-96UEF,ZJP,AYZ096EF2003A,1091A07T21,305.6722,
BB801,MAXUM,RUNNING,R02MSGW06,2200,096ECMS003,AMS096EC1002A,22-01-14 19:26,22-01-14 01:50,MTI,FBGA-96UEC,5560,01/27/2022 MP,1091A06T41,,R02MSGU04,FBGA-96UEC,MTI,AMS096EC1002A,1091A06T41,315.8637,2022-01-14 19:26:18
BB802,MAXUM,RUNNING,R02ASCC02,2200,096ELAS001,AAS096EL1002A,22-01-14 23:52,22-01-14 04:35,EliteMT,FBGA-96UEL-3,2940,01/28/2022 MP,1091G08PA1,,R02ASC608,FBGA-96UEL-3,EliteMT,AAS096EL1002A,1091G08PA1,152.4326,2022-01-14 23:52:57
BB803,MAXUM,RUNNING,R02ASC805,2200,096ELAS001,AAS096EL1002A,22-01-15 10:13,22-01-14 15:00,EliteMT,FBGA-96UEL-3,2928,01/29/2022 MP,,,R02ASCC07,FBGA-96UEL-3,EliteMT,AAS096EL1002A,1091G08PA1,152.4326,2022-01-15 10:13:24
BB804,MAXUM,RUNNING,R02ASC811,2200,096ELAS001,AAS096EL1002A,22-01-15 08:47,22-01-14 13:30,EliteMT,FBGA-96UEL-3,2940,01/30/2022 MP,,,R02ASCC05,FBGA-96UEL-3,EliteMT,AAS096EL1002A,1091G08PA1,152.4326,2022-01-15 08:47:53
BB805,MAXUM,RUNNING,R02ASE605,2200,008YQAS031,AAS008YQ2014A,22-01-14 12:14,22-01-14 06:08,EliteMT,DFN-08YQ2AW,6160,01/31/2022 MP,1091G08PA4,,R02ASE612,DFN-08YQ2AW,EliteMT,AAS008YQ2014A,1091G08PA4,1010.6368,2022-01-14 12:14:37
BB806,MAXUM,IDLE,,,,AMS078EP1001A,,22-01-14 15:24,,,,,,,R02MSAY03,FBGA-78UEP,MTI,AMS078EP1001A,1091A06T21,218.0035,
BB807,MAXUM,RUNNING,R02ASDX03,2200,090NCAS001,AAS090NC4001A,22-01-15 10:24,22-01-14 07:53,EliteMT,VFBGA90K4L,3989,,,,R02ASDT04,VFBGA90K4L,EliteMT,AAS090NC4001A,1091G08PA1,150.3938,2022-01-15 10:24:50
BB808,MAXUM,RUNNING,R02ASDW04,2200,090NCAS001,AAS090NC4001A,22-01-15 02:40,22-01-13 23:37,EliteMT,VFBGA90K4L,4068,,1091G08PA1,,R02ASDV02,VFBGA90K4L,EliteMT,AAS090NC4001A,1091G08PA1,150.3938,2022-01-15 02:40:28
BB809,MAXUM,RUNNING,R02VGB810,2200,008Y6VG011,ABU008Y62005A,22-01-15 00:47,22-01-14 11:14,ISSI-VG,DFN-08Y62D,7496,,1091A07C21,,R02VGB806,DFN-08Y62D,ISSI-VG,ABU008Y62005A,1091A07C21,553.967,2022-01-15 00:47:24
BB810,MAXUM,RUNNING,R02ASDX01,2200,090NCAS001,AAS090NC4001A,22-01-15 16:11,22-01-14 13:10,EliteMT,VFBGA90K4L,4063,,,,R02ASDV06,VFBGA90K4L,EliteMT,AAS090NC4001A,1091G08PA1,150.3938,2022-01-15 16:11:33
BB811,MAXUM,RUNNING,R02ASC809,2200,096ELAS001,AAS096EL1002A,22-01-15 08:07,22-01-14 13:05,EliteMT,FBGA-96UEL-3,2902,,,,R02ASBN01,FBGA-96UEL-3,EliteMT,AAS096EL1002A,1091G08PA1,152.4326,2022-01-15 08:07:37
BB812,MAXUM,RUNNING,R02MSCW02,2200,078EPMS004,AMS078EP1001A,22-01-14 15:16,22-01-13 16:46,MTI,FBGA-78UEP,5681,,,,R02MSAQ01,FBGA-78UEP,MTI,AMS078EP1001A,1091A06T21,218.0035,2022-01-14 15:16:10
BB813,MAXUM,RUNNING,R02ASD304,2200,008FGAS014,AAS008FG1011A,22-01-14 17:37,22-01-14 08:55,EliteMT,SOP-8G,10080,,1091G08PA4,,R02ASD214,SOP-8G,EliteMT,AAS008FG1011A,1091G08PA4,1156.8699,2022-01-14 17:37:58
BB814,MAXUM,RUNNING,R02ASDX04,2200,090NCAS001,AAS090NC4001A,22-01-15 12:51,22-01-14 09:36,EliteMT,VFBGA90K4L,4098,,,,R02ASDV04,VFBGA90K4L,EliteMT,AAS090NC4001A,1091G08PA1,150.3938,2022-01-15 12:51:36
BB815,MAXUM,RUNNING,R02ASDN01,2200,048MAAS003,AAS048MAB001A,22-01-14 18:11,22-01-12 23:33,EliteMT,MINIBGA48J3U,12164,,1091G08PA4,,R02AWF302,DFN-08Y62D,MXIC,AAW008Y62012A,1091A07T41,285.3507,2022-01-14 18:11:04
BB816,MAXUM,WAIT-REPAIR,R02MSCJ02,2200,078EPMS004,AMS078EP1001A,22-01-14 16:35:19,22-01-14 15:33,MTI,FBGA-78UEP,5822,,1091A06T21,,R02MSAR02,FBGA-78UEP,MTI,AMS078EP1001A,1091A06T21,218.0035,2022-01-14 16:35:19
BB817,MAXUM,RUNNING,R03ABAG08,2200,008YBAB023,AAB008YB2011A,22-01-14 17:58,22-01-14 12:27,WINBOND,DFN-08YB2G,6240,,1091A07T21,4,R03ABAG04,DFN-08YB2G,WINBOND,AAB008YB2011A,1091A07T21,1131.5622,2022-01-14 17:58:40
BB818,MAXUM,RUNNING,R02ASDW07,2200,090NCAS001,AAS090NC4001A,22-01-15 05:17,22-01-14 02:01,EliteMT,VFBGA90K4L,4099,01/14/2022 MP,1091G08PA1,,R02ASDV03,VFBGA90K4L,EliteMT,AAS090NC4001A,1091G08PA1,150.3938,2022-01-15 05:17:15
BB819,MAXUM,RUNNING,R03ABAB13,2200,008YQAB085,AAB008YQ2045A,22-01-14 22:08,22-01-14 11:02,WINBOND,STDFN-08YQ2A,4320,01/15/2022 MP,1091A07T21,,R03ABAC04,STDFN-08YQ2A,WINBOND,AAB008YQ2045A,1091A07T21,389.0081,2022-01-14 22:08:24
BB821,MAXUM,RUNNING,R02ABPQ17,2200,008YQAB046,AAB008YQ2026A,22-01-14 17:32,22-01-14 12:50,WINBOND,STDFN-08YQ2A,2160,01/16/2022 MP,1091A08T21,,R02ABPQ12,STDFN-08YQ2A,WINBOND,AAB008YQ2026A,1091A08T21,459.8517,2022-01-14 17:32:25
BB822,MAXUM,RUNNING,R03ABAB15,2200,008YQAB085,AAB008YQ2045A,22-01-15 02:34,22-01-14 15:28,WINBOND,STDFN-08YQ2A,4320,01/17/2022 MP,1091A07T21,,R03ABAC05,STDFN-08YQ2A,WINBOND,AAB008YQ2045A,1091A07T21,389.0081,2022-01-15 02:34:22
BB823,MAXUM,RUNNING,R02ASCC06,2200,096ELAS001,AAS096EL1002A,22-01-15 00:34,22-01-14 05:24,EliteMT,FBGA-96UEL-3,2920,01/18/2022 MP,1091G08PA1,,R02ASAZ23,FBGA-96UEL-3,EliteMT,AAS096EL1002A,1091G08PA1,152.4326,2022-01-15 00:34:13
BB824,MAXUM,RUNNING,R02MSGQ07,2200,096ECMS003,AMS096EC1002A,22-01-15 00:51,22-01-14 10:11,MTI,FBGA-96UEC,4628,01/19/2022 MP,1091A06T41,,R02MSGR02,FBGA-96UEC,MTI,AMS096EC1002A,1091A06T41,315.8637,2022-01-15 00:51:43
BB825,MAXUM,RUNNING,R02VGB719,2200,008Y6VG008,ABU008Y62011A,22-01-14 17:01,22-01-14 10:38,ISSI-VG,DFN-08Y62D,8320,01/20/2022 MP,1091A07C41,,R02VGB411,DFN-08Y62D,ISSI-VG,ABU008Y62011A,1091A07C41,1237.7166,2022-01-14 17:01:04
BB826,MAXUM,RUNNING,R02ASC810,2200,096ELAS001,AAS096EL1002A,22-01-15 08:31,22-01-14 13:18,EliteMT,FBGA-96UEL-3,2928,01/21/2022 MP,,,R02ASBX02,FBGA-96UEL-3,EliteMT,AAS096EL1002A,1091G08PA1,152.4326,2022-01-15 08:31:14
BB827,MAXUM,RUNNING,R03ABAF41,2200,008YBAB016,AAB008YB2007A,22-01-14 17:56,22-01-14 12:38,WINBOND,DFN-08YB2G,6240,01/23/2022 MP,1091A07T21,4,R03ABAF35,DFN-08YB2G,WINBOND,AAB008YB2007A,1091A07T21,1175.9163,2022-01-14 17:56:45
BB828,MAXUM,RUNNING,R03ABAF40,2200,008YBAB016,AAB008YB2007A,22-01-14 17:54,22-01-14 12:36,WINBOND,DFN-08YB2G,6240,01/24/2022 MP,1091A07T21,4,R03ABAF36,DFN-08YB2G,WINBOND,AAB008YB2007A,1091A07T21,1175.9163,2022-01-14 17:54:42
BB831,MAXUM,RUNNING,R02MSH201,2200,096ECMS003,AMS096EC1002A,22-01-15 05:26,22-01-14 11:50,MTI,FBGA-96UEC,5560,01/27/2022 MP,1091A06T41,,R02MSGV03,FBGA-96UEC,MTI,AMS096EC1002A,1091A06T41,315.8637,2022-01-15 05:26:25
BB832,MAXUM,ENG,,,,ABU008YQ2026A,22-01-14 07:16,22-01-14 07:16,,,,01/28/2022 MP,,,R02VGAS20,DFN-08YQ2A,ISSI-VG,ABU008YQ2002A,1091A09C41,1116.5195,
BB833,MAXUM,RUNNING,R02VGB805,2200,008Y6VG011,ABU008Y62005A,22-01-15 01:51,22-01-14 10:50,ISSI-VG,DFN-08Y62D,8320,01/29/2022 MP,1091A07C21,,R02VGB802,DFN-08Y62D,ISSI-VG,ABU008Y62005A,1091A07C21,553.967,2022-01-15 01:51:42
BB834,MAXUM,RUNNING,R02MSCG04,2200,078EPMS004,AMS078EP1001A,22-01-15 00:12,22-01-14 05:34,MTI,FBGA-78UEP,4699,01/30/2022 MP,1091A06T21,,R02MSAU04,FBGA-78UEP,MTI,AMS078EP1001A,1091A06T21,218.0035,2022-01-15 00:12:05
BB835,MAXUM,QC,R02ASC804,2200,096ELAS001,AAS096EL1002A,,,EliteMT,FBGA-96UEL-3,2940,01/31/2022 MP,,,R02ASAZ20,FBGA-96UEL-3,EliteMT,AAS096EL1002A,1091G08PA1,152.4326,2022-01-15 03:48:54
BB836,MAXUM,RUNNING,R02MSCV04,2200,078EPMS004,AMS078EP1001A,22-01-14 19:51,22-01-13 22:44,MTI,FBGA-78UEP,5330,,,,R02MSAT01,FBGA-78UEP,MTI,AMS078EP1001A,1091A06T21,218.0035,2022-01-14 19:51:11
BB837,MAXUM,IN-REPAIR,R02ASDW06,2200,090NCAS001,AAS090NC4001A,22-01-15 10:30:22,22-01-14 15:11,EliteMT,VFBGA90K4L,3920,,1091G08PA1,,R02ASDV05,VFBGA90K4L,EliteMT,AAS090NC4001A,1091G08PA1,150.3938,2022-01-15 10:30:22
BB838,MAXUM,RUNNING,R02ASD305,2200,008FGAS014,AAS008FG1011A,22-01-14 15:53,22-01-14 07:10,EliteMT,SOP-8G,10080,,1091G08PA4,,R02ASD215,SOP-8G,EliteMT,AAS008FG1011A,1091G08PA4,1156.8699,2022-01-14 15:53:36
BB839,MAXUM,RUNNING,R02MSGX01,2200,096ECMS003,AMS096EC1002A,22-01-15 08:17,22-01-14 14:47,MTI,FBGA-96UEC,5528,,,,R02MSGV07,FBGA-96UEC,MTI,AMS096EC1002A,1091A06T41,315.8637,2022-01-15 08:17:44
BB840,MAXUM,RUNNING,R02MSH604,2200,096ECMS003,AMS096EC1002A,22-01-15 05:14,22-01-14 11:46,MTI,FBGA-96UEC,5514,,1091A06T41,,R02MSGW02,FBGA-96UEC,MTI,AMS096EC1002A,1091A06T41,315.8637,2022-01-15 05:14:21
BB841,MAXUM,IDLE,,,,AAS096EI2001A,,22-01-14 12:16,,,,,,,R02ASBU13,FBGA-96UEJ,EliteMT,AAS096EI2001A,1091G08PA1,145.531,
BB842,MAXUM,RUNNING,R03VGC110,2200,008YDVG003,ABU008YD2008A,22-01-14 17:36,22-01-14 11:06,ISSI-VG,DFN-08YD2A,7040,,1091A08C41,,R02VGAS10,DFN-08YQ2A,ISSI-VG,ABU008YQ2002A,1091A09C41,1082.5125,2022-01-14 17:36:14
BB843,MAXUM,RUNNING,R03ABAB16,2200,008YQAB085,AAB008YQ2045A,22-01-14 22:46,22-01-14 11:40,WINBOND,STDFN-08YQ2A,4320,,1091A07T21,,R02ABGR12,STDFN-08YQ2A,WINBOND,AAB008YQ2045A,1091A07T21,389.0081,2022-01-14 22:46:40
BB844,MAXUM,WAIT-REPAIR,R03ABAC11,2200,008YQAB085,AAB008YQ2045A,22-01-14 18:20:29,22-01-14 15:35,WINBOND,STDFN-08YQ2A,4320,,1091A07T21,,R03ABAB09,STDFN-08YQ2A,WINBOND,AAB008YQ2045A,1091A07T21,389.0081,2022-01-14 18:20:29
BB845,MAXUM,RUNNING,R03ABAB12,2200,008YQAB085,AAB008YQ2045A,22-01-14 16:38,22-01-14 05:32,WINBOND,STDFN-08YQ2A,4320,,1091A07T21,,R03ABAB07,STDFN-08YQ2A,WINBOND,AAB008YQ2045A,1091A07T21,389.0081,2022-01-14 16:38:21
BB846,MAXUM,RUNNING,R02ABPQ27,2200,008YQAB046,AAB008YQ2026A,22-01-14 15:48,22-01-14 11:06,WINBOND,STDFN-08YQ2A,2160,,1091A08T21,,R02ABPQ30,STDFN-08YQ2A,WINBOND,AAB008YQ2026A,1091A08T21,459.8517,2022-01-14 15:48:11
BB847,MAXUM,IDLE,,,,AAS096EI2001A,,22-01-14 12:13,,,,,,,R02ASBU17,FBGA-96UEJ,EliteMT,AAS096EI2001A,1091G08PA1,145.531,
BB848,MAXUM,PM,R02ABPQ29,2200,008YQAB046,AAB008YQ2026A,22-01-14 18:36,22-01-14 14:36,WINBOND,STDFN-08YQ2A,2160,01/14/2022 MP,1091A08T21,,R02ABPQ31,STDFN-08YQ2A,WINBOND,AAB008YQ2026A,1091A08T21,459.8517,2022-01-14 17:45:55
BB849,MAXUM,RUNNING,R02ASBU18,2200,096EIAS005,AAS096EI2001A,22-01-14 16:29,22-01-13 20:25,EliteMT,FBGA-96UEJ,2920,01/15/2022 MP,1091G08PA1,,R02ASC211,FBGA-96UEJ,EliteMT,AAS096EI2001A,1091G08PA1,145.531,2022-01-14 16:29:45
BB850,MAXUM,RUNNING,R02VGB423,2200,008Y6VG008,ABU008Y62011A,22-01-14 15:25,22-01-14 09:02,ISSI-VG,DFN-08Y62D,8320,01/15/2022 MP,1091A07C41,,R02VGB434,DFN-08Y62D,ISSI-VG,ABU008Y62011A,1091A07C41,1237.7166,2022-01-14 15:25:02
BB851,MAXUM,ENG,,,,AAS096EL1008A,22-01-14 06:29,22-01-14 06:29,,,,01/16/2022 MP,,,R02ASAY01,FBGA-96UEJ,EliteMT,AAS096EI2001A,1091G08PA1,,
BB852,MAXUM,IDLE,,,,AAB008YB2007A,,22-01-14 10:33,,,,01/17/2022 MP,,,R03ABAF38,DFN-08YB2G,WINBOND,AAB008YB2007A,1091A07T21,1175.9163,
BB853,MAXUM,IDLE,,,,AAS096EI2001A,,22-01-14 14:26,,,,01/18/2022 MP,,,R02ASBU08,FBGA-96UEJ,EliteMT,AAS096EI2001A,1091G08PA1,145.531,
BB854,MAXUM,RUNNING,R02VGB424,2200,008Y6VG008,ABU008Y62011A,22-01-14 20:43,22-01-14 14:21,ISSI-VG,DFN-08Y62D,8320,01/19/2022 MP,1091A07C41,,R02VGB433,DFN-08Y62D,ISSI-VG,ABU008Y62011A,1091A07C41,1237.7166,2022-01-14 20:43:35
BB855,MAXUM,RUNNING,R02MSGS01,2200,096ECMS003,AMS096EC1002A,22-01-14 19:29,22-01-14 01:50,MTI,FBGA-96UEC,5578,01/20/2022 MP,1091A06T41,,R02MSGV04,FBGA-96UEC,MTI,AMS096EC1002A,1091A06T41,315.8637,2022-01-14 19:29:55
BB856,MAXUM,RUNNING,R02ASBU22,2200,096EIAS005,AAS096EI2001A,22-01-14 17:10,22-01-13 20:58,EliteMT,FBGA-96UEJ,2940,01/21/2022 MP,1091G08PA1,,R02ASC223,FBGA-96UEJ,EliteMT,AAS096EI2001A,1091G08PA1,145.531,2022-01-14 17:10:23
BB857,MAXUM,RUNNING,R02ASDW03,2200,090NCAS001,AAS090NC4001A,22-01-14 23:50,22-01-13 20:19,EliteMT,VFBGA90K4L,4140,01/23/2022 MP,1091G08PA1,,R02ASDT07,VFBGA90K4L,EliteMT,AAS090NC4001A,1091G08PA1,150.3938,2022-01-14 23:50:49
BB858,MAXUM,RUNNING,R02ASBU10,2200,096EIAS005,AAS096EI2001A,22-01-14 17:17,22-01-13 21:01,EliteMT,FBGA-96UEJ,2950,01/24/2022 MP,1091G08PA1,,R02ASBU03,FBGA-96UEJ,EliteMT,AAS096EI2001A,1091G08PA1,145.531,2022-01-14 17:17:51
BB859,MAXUM,RUNNING,R02ASDX08,2200,090NCAS001,AAS090NC4001A,22-01-15 16:44,22-01-14 14:35,EliteMT,VFBGA90K4L,3932,01/25/2022 MP,,,R02ASDW01,VFBGA90K4L,EliteMT,AAS090NC4001A,1091G08PA1,150.3938,2022-01-15 16:44:10
BB860,MAXUM,ENG,,,,ANI008YK3002A,22-01-14 15:33,22-01-14 15:33,,,,01/26/2022 MP,,,R02ABEZ01,STDFN-08YQ2A,WINBOND,AAB008YQ2004A,1091A07T21,1455.159,
BB861,MAXUM,RUNNING,R02ASC903,2200,096ELAS001,AAS096EL1002A,22-01-15 10:06,22-01-14 14:48,EliteMT,FBGA-96UEL-3,2941,01/27/2022 MP,,,R02ASBM01,FBGA-96UEL-3,EliteMT,AAS096EL1002A,1091G08PA1,152.4326,2022-01-15 10:06:31
BB862,MAXUM,RUNNING,R03ABAC09,2200,008YQAB085,AAB008YQ2045A,22-01-14 15:17,22-01-14 04:10,WINBOND,STDFN-08YQ2A,4320,01/28/2022 MP,1091A07T21,,R03ABAB05,STDFN-08YQ2A,WINBOND,AAB008YQ2045A,1091A07T21,389.0081,2022-01-14 15:17:17
BB863,MAXUM,RUNNING,R02ASDW02,2200,090NCAS001,AAS090NC4001A,22-01-15 09:14,22-01-14 05:59,EliteMT,VFBGA90K4L,4100,01/29/2022 MP,1091G08PA1,,R02ASDT06,VFBGA90K4L,EliteMT,AAS090NC4001A,1091G08PA1,150.3938,2022-01-15 09:14:56
BB864,MAXUM,RUNNING,R02VGB416,2200,008Y6VG008,ABU008Y62011A,22-01-14 21:40,22-01-14 15:18,ISSI-VG,DFN-08Y62D,8320,01/30/2022 MP,1091A07C41,,R02VGB432,DFN-08Y62D,ISSI-VG,ABU008Y62011A,1091A07C41,1237.7166,2022-01-14 21:40:48
BB865,MAXUM,WAIT-REPAIR,R02ASE412,2200,008YQAS031,AAS008YQ2014A,22-01-14 07:06:27,22-01-14 15:32,EliteMT,DFN-08YQ2AW,3703,01/31/2022 MP,1091G08PA4,,R02ASE410,DFN-08YQ2AW,EliteMT,AAS008YQ2014A,1091G08PA4,1010.6368,2022-01-14 07:06:27
BB866,MAXUM,RUNNING,R03ABAC10,2200,008YQAB085,AAB008YQ2045A,22-01-14 22:32,22-01-14 11:26,WINBOND,STDFN-08YQ2A,4320,,1091A07T21,,R03ABAC03,STDFN-08YQ2A,WINBOND,AAB008YQ2045A,1091A07T21,389.0081,2022-01-14 22:32:53
BB867,MAXUM,IDLE,,,,AAS008YQ2016A,,22-01-14 12:22,,,,,,,R02ASDS05,DFN-08YQ2AW,EliteMT,AAS008YQ2016A,1091G08PA4,906.3192,
BB868,MAXUM,RUNNING,R02ASD302,2200,008FGAS014,AAS008FG1011A,22-01-14 23:21,22-01-14 14:39,EliteMT,SOP-8G,10080,,1091G08PA4,,R02ASD311,SOP-8G,EliteMT,AAS008FG1011A,1091G08PA4,1156.8699,2022-01-14 23:21:58
BB869,MAXUM,ENG,,,,AAS096EL1002A,22-01-14 09:53,22-01-14 09:53,,,,,,,R02ASC406,FBGA-96UEL-3,EliteMT,AAS096EL1002A,1091G08PA1,152.4326,
BB870,MAXUM,RUNNING,R03VGC111,2200,008YDVG003,ABU008YD2008A,22-01-14 19:18,22-01-14 12:47,ISSI-VG,DFN-08YD2A,7040,,1091A08C41,,R02ASDN02,MINIBGA48J3U,EliteMT,AAS048MAB001A,1091G08PA4,1082.5125,2022-01-14 19:18:03
BB871,MAXUM,ENG,,,,AAS096EL1002A,22-01-07 10:24,22-01-07 10:24,,,,,,,P52ASAP03,FBGA-96UEL-3,EliteMT,AAS096EL1002A,1091G08PA1,152.4326,
BB872,MAXUM,RUNNING,R02ASC501,2200,096ELAS001,AAS096EL1002A,22-01-15 02:12,22-01-14 06:47,EliteMT,FBGA-96UEL-3,2960,,,,R02ASC409,FBGA-96UEL-3,EliteMT,AAS096EL1002A,1091G08PA1,152.4326,2022-01-15 02:12:54
BB873,MAXUM,RUNNING,R02ASC503,2200,096ELAS001,AAS096EL1002A,22-01-15 00:15,22-01-14 08:44,EliteMT,FBGA-96UEL-3,2364,,,,R02ASAZ21,FBGA-96UEL-3,EliteMT,AAS096EL1002A,1091G08PA1,152.4326,2022-01-15 00:15:57
BB874,MAXUM,ENG,,,,ANI008YK3002A,22-01-10 13:14,22-01-10 13:14,,,,,,,P53ABGH06,DFN-08Y62D,WINBOND,AAB008Y62014A,1091A07T21,1455.159,
BB875,MAXUM,RUNNING,R02ASBU09,2200,096EIAS005,AAS096EI2001A,22-01-14 17:28,22-01-13 21:35,EliteMT,FBGA-96UEJ,2893,,1091G08PA1,,R02ASC224,FBGA-96UEJ,EliteMT,AAS096EI2001A,1091G08PA1,145.531,2022-01-14 17:28:20
BB876,MAXUM,IDLE,,,,AAS008YQ2001B,,22-01-13 21:30,,,,,,,R02ASDK07,DFN-08YQ2A,EliteMT,AAS008YQ2001B,1091G08PA4,755.619,
BB877,MAXUM,RUNNING,R02ASC801,2200,096ELAS001,AAS096EL1002A,22-01-15 04:08,22-01-14 08:50,EliteMT,FBGA-96UEL-3,2940,,,,R02ASC604,FBGA-96UEL-3,EliteMT,AAS096EL1002A,1091G08PA1,152.4326,2022-01-15 04:08:19
BB878,MAXUM,RUNNING,R02VGB402,2200,008Y6VG008,ABU008Y62011A,22-01-14 17:21,22-01-14 10:58,ISSI-VG,DFN-08Y62D,8320,01/14/2022 AP,1091A07C41,,R02VGB434,DFN-08Y62D,ISSI-VG,ABU008Y62011A,1091A07C41,1237.7166,2022-01-14 17:21:00
BB879,MAXUM,RUNNING,R02ABPQ23,2200,008YQAB046,AAB008YQ2026A,22-01-14 17:34,22-01-14 12:52,WINBOND,STDFN-08YQ2A,2160,01/15/2022 AP,1091A08T21,,R02ABPQ21,STDFN-08YQ2A,WINBOND,AAB008YQ2026A,1091A08T21,459.8517,2022-01-14 17:34:13
BB880,MAXUM,RUNNING,R02MSH602,2200,096ECMS003,AMS096EC1002A,22-01-14 23:35,22-01-14 05:51,MTI,FBGA-96UEC,5600,01/16/2022 AP,1091A06T41,,R02MSGU02,FBGA-96UEC,MTI,AMS096EC1002A,1091A06T41,315.8637,2022-01-14 23:35:09
BB881,MAXUM,IDLE,,,,AAB008YB2007A,,22-01-14 14:55,,,,01/17/2022 AP,,,R03ABAF18,DFN-08YB2G,WINBOND,AAB008YB2007A,1091A07T21,1175.9163,
BB882,MAXUM,RUNNING,R02ASDV01,2200,090NCAS001,AAS090NC4001A,22-01-14 15:13,22-01-13 12:37,EliteMT,VFBGA90K4L,4000,01/18/2022 AP,1091G08PA1,,R02ASDU04,VFBGA90K4L,EliteMT,AAS090NC4001A,1091G08PA1,150.3938,2022-01-14 15:13:14
BB883,MAXUM,RUNNING,R02ASBU11,2200,096EIAS005,AAS096EI2001A,22-01-14 20:00,22-01-13 23:32,EliteMT,FBGA-96UEJ,2980,01/19/2022 AP,1091G08PA1,,R02ASBU01,FBGA-96UEJ,EliteMT,AAS096EI2001A,1091G08PA1,145.531,2022-01-14 20:00:56
BB884,MAXUM,IDLE,,,,AAS008YQ2001B,,22-01-14 01:36,,,,01/20/2022 AP,,,R02ASDK15,DFN-08YQ2A,EliteMT,AAS008YQ2001B,1091G08PA4,755.619,
BB885,MAXUM,RUNNING,R02ASC808,2200,096ELAS001,AAS096EL1002A,22-01-15 05:22,22-01-14 10:13,EliteMT,FBGA-96UEL-3,2920,01/20/2022 AP,,,R02ASC602,FBGA-96UEL-3,EliteMT,AAS096EL1002A,1091G08PA1,152.4326,2022-01-15 05:22:36
BB886,MAXUM,RUNNING,R02ASAF01,2200,096ELAS001,AAS096EL1002A,22-01-14 16:07,22-01-14 13:07,EliteMT,FBGA-96UEL-3,446,01/21/2022 AP,1091G08PA1,,R02ASC603,FBGA-96UEL-3,EliteMT,AAS096EL1002A,1091G08PA1,152.4326,2022-01-14 16:07:26
BB887,MAXUM,RUNNING,R02MSH102,2200,096ECMS003,AMS096EC1002A,22-01-15 02:45,22-01-14 09:09,MTI,FBGA-96UEC,5560,01/23/2022 AP,,,R02MSGU06,FBGA-96UEC,MTI,AMS096EC1002A,1091A06T41,315.8637,2022-01-15 02:45:23
BB888,MAXUM,IDLE,,,,AAS096EI2001A,,22-01-14 11:45,,,,01/24/2022 AP,,,R02ASBU19,FBGA-96UEJ,EliteMT,AAS096EI2001A,1091G08PA1,145.531,
BB889,MAXUM,WAIT-REPAIR,R02ASDX02,2200,090NCAS001,AAS090NC4001A,22-01-15 07:15:08,22-01-14 15:15,EliteMT,VFBGA90K4L,4014,01/25/2022 AP,,,R02ASDV08,VFBGA90K4L,EliteMT,AAS090NC4001A,1091G08PA1,150.3938,2022-01-15 07:15:08
BB890,MAXUM,RUNNING,R02ASAE01,2200,096ELAS001,AAS096EL1002A,22-01-14 16:45,22-01-14 14:33,EliteMT,FBGA-96UEL-3,324,01/26/2022 AP,,,R02ASAD01,FBGA-96UEL-3,EliteMT,AAS096EL1002A,1091G08PA1,152.4326,2022-01-14 16:45:54
BB891,MAXUM,RUNNING,R02ASDW08,2200,090NCAS001,AAS090NC4001A,22-01-15 06:52,22-01-14 05:48,EliteMT,VFBGA90K4L,3769,01/27/2022 AP,1091G08PA1,,R02ASDT05,VFBGA90K4L,EliteMT,AAS090NC4001A,1091G08PA1,150.3938,2022-01-15 06:52:17
BB892,MAXUM,RUNNING,R02MSGP05,2200,096ECMS003,AMS096EC1002A,22-01-14 19:14,22-01-14 01:47,MTI,FBGA-96UEC,5511,01/28/2022 AP,,,R02MSGV01,FBGA-96UEC,MTI,AMS096EC1002A,1091A06T41,315.8637,2022-01-14 19:14:25
BB893,MAXUM,IDLE,,,,AAS096EI2001A,,22-01-14 14:40,,,,01/29/2022 AP,,,R02ASBU21,FBGA-96UEJ,EliteMT,AAS096EI2001A,1091G08PA1,145.531,
BB894,MAXUM,RUNNING,R02ASDX07,2200,090NCAS001,AAS090NC4001A,22-01-15 16:20,22-01-14 13:01,EliteMT,VFBGA90K4L,4109,01/30/2022 AP,,,R02ASDV07,VFBGA90K4L,EliteMT,AAS090NC4001A,1091G08PA1,150.3938,2022-01-15 16:20:39
BB895,MAXUM,IDLE,,,,AAS096EI2001A,,22-01-14 08:37,,,,01/31/2022 AP,,,R02ASAU01,FBGA-96UEJ,EliteMT,AAS096EI2001A,1091G08PA1,145.531,
BB896,MAXUM,IDLE,,,,AAS008YQ2016A,,22-01-14 14:36,,,,,,,R02ASDS07,DFN-08YQ2AW,EliteMT,AAS008YQ2016A,1091G08PA4,906.3192,
BB897,MAXUM,QC,,,,ABW048LF1018A,,,,,,,,,P53VEVJ20,STDFN-08YD2E,Everspin,AVE008YD2002A,1091A08C41,,
BB898,MAXUM,QC,,,,ABU008YQ2015A,,,,,,,,,R02VGB106,STDFN-08YQ2A,ISSI-VG,ABU008YQ2015A,1091A08C41,979.777,
BB899,MAXUM,RUNNING,R02ASD312,2200,008FGAS014,AAS008FG1011A,22-01-14 21:39,22-01-14 12:56,EliteMT,SOP-8G,10080,,1091G08PA4,,R02ASD310,SOP-8G,EliteMT,AAS008FG1011A,1091G08PA4,1156.8699,2022-01-14 21:39:37
BB900,MAXUM,RUNNING,R02ASC803,2200,096ELAS001,AAS096EL1002A,22-01-15 06:47,22-01-14 11:29,EliteMT,FBGA-96UEL-3,2940,,,,R02ASB501,FBGA-96UEL-3,EliteMT,AAS096EL1002A,1091G08PA1,152.4326,2022-01-15 06:47:12
BB901,MAXUM,IDLE,,,,AAS008YQ2001B,,22-01-14 03:40,,,,,,,R02ASDK16,DFN-08YQ2A,EliteMT,AAS008YQ2001B,1091G08PA4,755.619,
BB902,MAXUM,RUNNING,R02ASBU12,2200,096EIAS005,AAS096EI2001A,22-01-15 04:19,22-01-14 07:56,EliteMT,FBGA-96UEJ,2966,,1091G08PA1,,R02ASBU06,FBGA-96UEJ,EliteMT,AAS096EI2001A,1091G08PA1,145.531,2022-01-15 04:19:01
BB903,MAXUM,RUNNING,R03ABAC16,2200,008YQAB085,AAB008YQ2045A,22-01-15 01:39,22-01-14 14:32,WINBOND,STDFN-08YQ2A,4320,,1091A07T21,,R03ABAC07,STDFN-08YQ2A,WINBOND,AAB008YQ2045A,1091A07T21,389.0081,2022-01-15 01:39:15
BB904,MAXUM,RUNNING,R03ABAC12,2200,008YQAB085,AAB008YQ2045A,22-01-14 15:19,22-01-14 04:13,WINBOND,STDFN-08YQ2A,4320,,1091A07T21,,R03ABAB08,STDFN-08YQ2A,WINBOND,AAB008YQ2045A,1091A07T21,389.0081,2022-01-14 15:19:59
BB905,MAXUM,ENG,,,,ANI008YK3002A,22-01-14 15:02,22-01-14 15:02,,,,,,,R02VGB603,DFN-08Y62D,ISSI-VG,ABU008Y62011A,1091A07C41,1455.159,
BB906,MAXUM,RUNNING,R02VGB809,2200,008Y6VG011,ABU008Y62005A,22-01-12 23:03,22-01-12 08:02,ISSI-VG,DFN-08Y62D,8320,,1091A07C21,,R02ABF217,DFN-08YD2A,WINBOND,AAB008YD2006A,1091A07T21,553.967,2022-01-12 23:03:24
BB907,MAXUM,RUNNING,R02ASCS01,2200,084UCAS080,AAS084CC2010A,22-01-14 17:46,22-01-14 01:01,EliteMT,FBGA-84UC,2780,,1091G08PA1,,R02ASCS02,FBGA-84UC,EliteMT,AAS084CC2010A,1091G08PA1,165.9396,2022-01-14 17:46:42
BB908,MAXUM,PM,R02ABPQ15,2200,008YQAB046,AAB008YQ2026A,22-01-14 18:37,22-01-14 14:37,WINBOND,STDFN-08YQ2A,2160,01/14/2022 MP,1091A08T21,,R02ABPQ18,STDFN-08YQ2A,WINBOND,AAB008YQ2026A,1091A08T21,459.8517,2022-01-14 16:50:14
BB909,MAXUM,RUNNING,R02ASCC01,2200,096ELAS001,AAS096EL1002A,22-01-15 00:20,22-01-14 05:03,EliteMT,FBGA-96UEL-3,2940,01/15/2022 MP,1091G08PA1,,R02ASC410,FBGA-96UEL-3,EliteMT,AAS096EL1002A,1091G08PA1,152.4326,2022-01-15 00:20:45
BB910,MAXUM,RUNNING,R02ASC907,2200,096ELAS001,AAS096EL1002A,22-01-15 10:24,22-01-14 14:46,EliteMT,FBGA-96UEL-3,2994,01/16/2022 MP,,,R02ASAG01,FBGA-96UEL-3,EliteMT,AAS096EL1002A,1091G08PA1,152.4326,2022-01-15 10:24:53
BB911,MAXUM,RUNNING,R02ABPQ36,2200,008YQAB046,AAB008YQ2026A,22-01-14 17:20,22-01-14 12:38,WINBOND,STDFN-08YQ2A,2160,01/17/2022 MP,1091A08T21,,R02ABPQ26,STDFN-08YQ2A,WINBOND,AAB008YQ2026A,1091A08T21,459.8517,2022-01-14 17:20:48
BB912,MAXUM,RUNNING,R02ASC407,2200,096ELAS001,AAS096EL1002A,22-01-14 19:11,22-01-14 00:18,EliteMT,FBGA-96UEL-3,2880,01/17/2022 MP,1091G08PA1,,R02ASAZ22,FBGA-96UEL-3,EliteMT,AAS096EL1002A,1091G08PA1,152.4326,2022-01-14 19:11:51
BB913,MAXUM,RUNNING,R02ASC802,2200,096ELAS001,AAS096EL1002A,22-01-15 06:29,22-01-14 11:12,EliteMT,FBGA-96UEL-3,2940,01/18/2022 MP,,,R02ASBX03,FBGA-96UEL-3,EliteMT,AAS096EL1002A,1091G08PA1,152.4326,2022-01-15 06:29:23
BB914,MAXUM,RUNNING,R02ASCZ01,2200,008FGAS023,AAS008FG1011A,22-01-14 20:36,22-01-14 11:53,EliteMT,SOP-8G,10080,01/19/2022 MP,,,R02ASD210,SOP-8G,EliteMT,AAS008FG1011A,1091G08PA4,1156.8699,2022-01-14 20:36:19
BB915,MAXUM,RUNNING,R02ASD301,2200,008FGAS014,AAS008FG1011A,22-01-14 23:03,22-01-14 14:20,EliteMT,SOP-8G,10080,01/20/2022 MP,1091G08PA4,,R02ASD213,SOP-8G,EliteMT,AAS008FG1011A,1091G08PA4,1156.8699,2022-01-14 23:03:08
BB916,MAXUM,RUNNING,R02ASDW05,2200,090NCAS001,AAS090NC4001A,22-01-14 21:41,22-01-13 18:55,EliteMT,VFBGA90K4L,4025,01/21/2022 MP,1091G08PA1,,R02ASDT03,VFBGA90K4L,EliteMT,AAS090NC4001A,1091G08PA1,150.3938,2022-01-14 21:41:41
BB917,MAXUM,IDLE,,,,AAS096EI2001A,,22-01-14 09:29,,,,01/23/2022 MP,,,R02ASAR01,FBGA-96UEJ,EliteMT,AAS096EI2001A,1091G08PA1,145.531,
BB918,MAXUM,RUNNING,R02ASC601,2200,096ELAS001,AAS096EL1002A,22-01-14 13:04,22-01-13 17:52,EliteMT,FBGA-96UEL-3,2928,01/24/2022 MP,1091G08PA1,,R03ABAF13,DFN-08YB2G,WINBOND,AAB008YB2007A,1091A07T21,152.4326,2022-01-14 13:04:39
BB919,MAXUM,IDLE,,,,AAS008YQ2001B,,22-01-14 02:10,,,,01/25/2022 MP,,,R02ASDK14,DFN-08YQ2A,EliteMT,AAS008YQ2001B,1091G08PA4,755.619,
BB920,MAXUM,RUNNING,R03ABAB11,2200,008YQAB085,AAB008YQ2045A,22-01-14 19:03,22-01-14 07:57,WINBOND,STDFN-08YQ2A,4320,01/26/2022 MP,1091A07T21,,R03ABAB01,STDFN-08YQ2A,WINBOND,AAB008YQ2045A,1091A07T21,389.0081,2022-01-14 19:03:51
BB921,MAXUM,RUNNING,R03ABAC06,2200,008YQAB085,AAB008YQ2045A,22-01-14 12:10,22-01-14 01:03,WINBOND,STDFN-08YQ2A,4320,01/27/2022 MP,1091A07T21,,R03ABAB01,STDFN-08YQ2A,WINBOND,AAB008YQ2045A,1091A07T21,389.0081,2022-01-14 12:10:10
BB922,MAXUM,WAIT-REPAIR,R02VGB804,2200,008Y6VG011,ABU008Y62005A,22-01-14 23:33:40,22-01-14 15:08,ISSI-VG,DFN-08Y62D,8320,01/28/2022 MP,1091A07C21,,R02VGB803,DFN-08Y62D,ISSI-VG,ABU008Y62005A,1091A07C21,553.967,2022-01-14 23:33:40
BB923,MAXUM,RUNNING,R02VGB723,2200,008Y6VG008,ABU008Y62011A,22-01-14 19:53,22-01-13 04:54,ISSI-VG,DFN-08Y62D,8320,01/29/2022 MP,1091A07C41,,R02VGB407,DFN-08Y62D,ISSI-VG,ABU008Y62011A,1091A07C41,1237.7166,2022-01-14 19:53:49
BB924,MAXUM,RUNNING,R02ASC606,2200,096ELAS001,AAS096EL1002A,22-01-14 12:31,22-01-13 17:22,EliteMT,FBGA-96UEL-3,2920,01/30/2022 MP,1091G08PA1,,R02ASDR05,DFN-08YQ2AW,EliteMT,AAS008YQ2016A,1091G08PA4,152.4326,2022-01-14 12:31:47
BB925,MAXUM,RUNNING,R02ASBU23,2200,096EIAS005,AAS096EI2001A,22-01-15 06:40,22-01-14 02:33,EliteMT,FBGA-96UEJ,4095,01/31/2022 MP,1091G08PA1,,R02ASBU04,FBGA-96UEJ,EliteMT,AAS096EI2001A,1091G08PA1,145.531,2022-01-15 06:40:19
BB926,MAXUM,IDLE,,,,AAS096EI2001A,,22-01-14 12:28,,,,,,,R02ASBU20,FBGA-96UEJ,EliteMT,AAS096EI2001A,1091G08PA1,145.531,
BB929,MAXUM,IDLE,,,,AAS084CC2020A,,22-01-14 15:35,,,,,,,R02ASBW02,FBGA-84UC,EliteMT,AAS084CC2020A,1091A06T41,236.6142,
BB930,MAXUM,RUNNING,R03ABAC14,2200,008YQAB085,AAB008YQ2045A,22-01-15 01:43,22-01-14 14:37,WINBOND,STDFN-08YQ2A,4320,,1091A07T21,,R03ABAB10,STDFN-08YQ2A,WINBOND,AAB008YQ2045A,1091A07T21,389.0081,2022-01-15 01:43:53
BB931,MAXUM,RUNNING,R02ASC502,2200,096ELAS001,AAS096EL1002A,22-01-14 22:40,22-01-14 03:15,EliteMT,FBGA-96UEL-3,2960,,,,R02ASC408,FBGA-96UEL-3,EliteMT,AAS096EL1002A,1091G08PA1,152.4326,2022-01-14 22:40:35
BB932,MAXUM,IDLE,,,,AAS008YQ2001B,,22-01-14 03:47,,,,,,,R02ASDK17,DFN-08YQ2A,EliteMT,AAS008YQ2001B,1091G08PA4,755.619,
BB933,MAXUM,STOP,R02ASE607,2200,008YQAS031,AAS008YQ2014A,22-01-14 15:16,22-01-14 15:16,EliteMT,DFN-08YQ2AW,6160,,1091G08PA4,,R02ASE411,DFN-08YQ2AW,EliteMT,AAS008YQ2014A,1091G08PA4,1010.6368,2022-01-14 16:18:12
BB938,MAXUM,RUNNING,R02ASED04,2200,008FGAS005,AAS008FG1010A,22-01-14 23:14,22-01-14 14:14,EliteMT,SOP-8G,10080,01/14/2022 MP,1091G08PA4,,R02ASEC13,SOP-8G,EliteMT,AAS008FG1010A,1091G08PA4,1120.851,2022-01-14 23:14:12
BBA01,ICONN,ENG,,,,AAS067KQ1001A,22-01-13 23:48,22-01-13 23:48,,,,01/15/2022 MP,,,P80CMXS01,STBGA67B4U,ENG,AAS067KQ1001A,1091G08PA4,274.125,
BBA02,ICONN,RUNNING,R02AWEY24,2200,162KEAW001,AAW162KE1002A,22-01-14 13:27,22-01-13 23:26,MXIC,STBGA162BAU,1620,01/16/2022 MP,1091G07PA4,,R02AWEY13,STBGA162BAU,MXIC,AAW162KE1002A,1091G07PA4,115.5658,2022-01-14 13:27:28
BBA03,ICONN,RUNNING,R03HQAH02,2200,0225SHQ001,AHQ0225S1001B,22-01-14 21:25,22-01-14 13:20,EMC,FPSLGA229JV,2100,01/17/2022 MP,1091A06C41,,R02HQAU01,FPSLGA229JV,EMC,AHQ0225S1001B,1091A06C41,260.0535,2022-01-14 21:25:01
BBA04,ICONN,RUNNING,R02AWEY31,2200,162KEAW001,AAW162KE1002A,22-01-14 19:37,22-01-14 05:15,MXIC,STBGA162BAU,1660,01/18/2022 MP,1091G07PA4,,R02AWEY21,STBGA162BAU,MXIC,AAW162KE1002A,1091G07PA4,115.5658,2022-01-14 19:37:24
BBA05,ICONN,RUNNING,P53MSJL07,2200,078ENMS007,AMS078EN1002A,22-01-14 17:51,22-01-14 05:11,MTI,FBGA-78UEN,3289,01/18/2022 MP,1091A06T21,,P53MSJJ01,FBGA-78UEN,MTI,AMS078EN1002A,1091A06T21,259.7559,2022-01-14 17:51:14
BBA06,ICONN,RUNNING,R02AWEY19,2200,162KEAW001,AAW162KE1002A,22-01-14 22:14,22-01-14 08:13,MXIC,STBGA162BAU,1620,01/19/2022 MP,1091G07PA4,,R02AWEY12,STBGA162BAU,MXIC,AAW162KE1002A,1091G07PA4,115.5658,2022-01-14 22:14:25
BBA07,ICONN,RUNNING,R02AWEY29,2200,162KEAW001,AAW162KE1002A,22-01-15 05:54,22-01-14 15:27,MXIC,STBGA162BAU,1670,01/20/2022 MP,1091G07PA4,,R02AWFD04,STBGA162BAU,MXIC,AAW162KE1002A,1091G07PA4,115.5658,2022-01-15 05:54:10
BBA08,ICONN,IDLE,,,,AHQ0225S1001B,,22-01-14 11:42,,,,01/21/2022 MP,,,R03HQAH01,FPSLGA229JV,EMC,AHQ0225S1001B,1091A06C41,260.0535,
BBA09,ICONN,RUNNING,P53MSJI08,2200,078ENMS007,AMS078EN1002A,22-01-14 19:24,22-01-14 06:06,MTI,FBGA-78UEN,3452,01/23/2022 MP,1091A06T21,,P53MSJJ02,FBGA-78UEN,MTI,AMS078EN1002A,1091A06T21,259.7559,2022-01-14 19:24:14
BBA10,ICONN,RUNNING,R02AWEY32,2200,162KEAW001,AAW162KE1002A,22-01-15 03:00,22-01-14 12:38,MXIC,STBGA162BAU,1660,01/24/2022 MP,1091G07PA4,,R02AWEY08,STBGA162BAU,MXIC,AAW162KE1002A,1091G07PA4,115.5658,2022-01-15 03:00:00
BBA11,ICONN,RUNNING,R02AWEY30,2200,162KEAW001,AAW162KE1002A,22-01-14 17:40,22-01-14 03:16,MXIC,STBGA162BAU,1665,01/25/2022 MP,1091G07PA4,,R02AWEY18,STBGA162BAU,MXIC,AAW162KE1002A,1091G07PA4,115.5658,2022-01-14 17:40:49
BBA12,ICONN,RUNNING,R02AWEY43,2200,162KEAW001,AAW162KE1002A,22-01-15 04:11,22-01-14 13:59,MXIC,STBGA162BAU,1640,01/26/2022 MP,1091G07PA4,,R02AWEY03,STBGA162BAU,MXIC,AAW162KE1002A,1091G07PA4,115.5658,2022-01-15 04:11:28
BBA13,ICONN,RUNNING,R02AWEY05,2200,162KEAW001,AAW162KE1002A,22-01-14 14:47,22-01-14 00:35,MXIC,STBGA162BAU,1640,01/27/2022 MP,1091G07PA4,,R02AWEY11,STBGA162BAU,MXIC,AAW162KE1002A,1091G07PA4,115.5658,2022-01-14 14:47:15
BBA14,ICONN,WAIT-SETUP,,,,ANI020YU1002B,,22-01-14 14:13,,,,01/28/2022 MP,,,P53MSJL02,FBGA-78UEN,MTI,AMS078EN1002A,1091A06T21,622.9908,
BBA15,ICONN,RUNNING,P53MSJI09,2200,078ENMS007,AMS078EN1002A,22-01-14 18:44,22-01-14 05:25,MTI,FBGA-78UEN,3460,01/29/2022 MP,1091A06T21,,P53MSJL01,FBGA-78UEN,MTI,AMS078EN1002A,1091A06T21,259.7559,2022-01-14 18:44:38
BBA16,ICONN,IDLE,,,,AMS078EN1002A,,22-01-14 15:07,,,,01/30/2022 MP,,,P53MSJJ11,FBGA-78UEN,MTI,AMS078EN1002A,1091A06T21,259.7559,
BBA17,ICONN,RUNNING,R03HQAM01,2200,0225SHQ001,AHQ0225S1001B,22-01-14 21:27,22-01-14 13:18,EMC,FPSLGA229JV,2120,01/31/2022 MP,1091A06C41,,R02HQAT02,FPSLGA229JV,EMC,AHQ0225S1001B,1091A06C41,260.0535,2022-01-14 21:27:39
BBA18,ICONN,RUNNING,R02AWEY10,2200,162KEAW001,AAW162KE1002A,22-01-15 04:55,22-01-14 14:38,MXIC,STBGA162BAU,1650,,1091G07PA4,,R02AWEY16,STBGA162BAU,MXIC,AAW162KE1002A,1091G07PA4,115.5658,2022-01-15 04:55:41
BBA19,ICONN,RUNNING,R02AWEY22,2200,162KEAW001,AAW162KE1002A,22-01-14 21:59,22-01-14 08:23,MXIC,STBGA162BAU,1570,,1091G07PA4,,R02AWEY23,STBGA162BAU,MXIC,AAW162KE1002A,1091G07PA4,115.5658,2022-01-14 21:59:05
BBA20,ICONN,RUNNING,R02AWEY35,2200,162KEAW001,AAW162KE1002A,22-01-15 03:55,22-01-14 13:59,MXIC,STBGA162BAU,1610,,1091G07PA4,,R02AWEY15,STBGA162BAU,MXIC,AAW162KE1002A,1091G07PA4,115.5658,2022-01-15 03:55:42
BBA22,ICONN,RUNNING,R02AWEY36,2200,162KEAW001,AAW162KE1002A,22-01-15 04:00,22-01-14 14:04,MXIC,STBGA162BAU,1610,,1091G07PA4,,R02AWEY01,STBGA162BAU,MXIC,AAW162KE1002A,1091G07PA4,115.5658,2022-01-15 04:00:13
BBA23,ICONN,IDLE,,,,AAS096EI2001A,,22-01-14 07:42,,,,,,,R02ASAX01,FBGA-96UEJ,EliteMT,AAS096EI2001A,1091G08PA1,197.1846,
BBA24,ICONN,RUNNING,R02AWEY27,2200,162KEAW001,AAW162KE1002A,22-01-15 00:02,22-01-14 09:35,MXIC,STBGA162BAU,1670,,1091G07PA4,,R02ASBU16,FBGA-96UEJ,EliteMT,AAS096EI2001A,1091G08PA1,115.5658,2022-01-15 00:02:22
BBA25,ICONN,RUNNING,R03ABAB14,2200,008YQAB085,AAB008YQ2045A,22-01-14 22:17,22-01-14 12:25,WINBOND,STDFN-08YQ2A,4320,,1091A07T21,,R03ABAC08,STDFN-08YQ2A,WINBOND,AAB008YQ2045A,1091A07T21,504.6041,2022-01-14 22:17:12
BBA26,ICONN,IDLE,,,,AHQ0225S1001B,,22-01-14 07:56,,,,,,,R02HQAT01,FPSLGA229JV,EMC,AHQ0225S1001B,1091A06C41,260.0535,
BBA27,ICONN,IDLE,,,,AHQ0225S1001B,,22-01-14 06:11,,,,,,,R02HQAT03,FPSLGA229JV,EMC,AHQ0225S1001B,1091A06C41,260.0535,
BBA28,ICONN,ENG,,,,AAS096EL4005A,22-01-12 14:44,22-01-12 14:44,,,,,,,R02ASAA16,FBGA-96UEL-3,EliteMT,AAS096EL1001A,1091G08PA1,193.0942,
BBA29,ICONN,ENG,,,,AAS096EI2001A,22-01-14 13:20,22-01-14 13:20,,,,,,,R02ASBU07,FBGA-96UEJ,EliteMT,AAS096EI2001A,1091G08PA1,197.1846,
BBA30,ICONN,RUNNING,P53MSJL08,2200,078ENMS007,AMS078EN1002A,22-01-14 15:34,22-01-14 02:11,MTI,FBGA-78UEN,3477,01/14/2022 MP,1091A06T21,,P53MSJK06,FBGA-78UEN,MTI,AMS078EN1002A,1091A06T21,259.7559,2022-01-14 15:34:31
BBA31,ICONN,RUNNING,R03NIA702,2200,020YUNI003,ANI020YU1002B,22-01-14 23:40,22-01-14 13:21,DIALOG,QFN-20YU2D,6387,01/15/2022 MP,,,R03NIA802,QFN-20YU2D,DIALOG,ANI020YU1002B,1091A08T41,622.9908,2022-01-14 23:40:25
BBB01,UTC2000,RUNNING,R02MSD802,2200,078EPMS004,AMS078EP1001A,22-01-15 13:39,22-01-14 13:57,MTI,FBGA-78UEP,5850,01/21/2022 MP,1091A06T21,,R02MSCL01,FBGA-78UEP,MTI,AMS078EP1001A,1091A06T21,246.8543,2022-01-15 13:39:32
BBB02,UTC2000,RUNNING,R02YZA504,2200,096EFYZ004,AYZ096EF2003A,22-01-14 17:21,22-01-14 00:29,ZJP,FBGA-96UEF,2460,01/23/2022 MP,1091A07T21,4,R02YZA104,FBGA-96UEF,ZJP,AYZ096EF2003A,1091A07T21,145.9357,2022-01-14 17:21:03
BBB03,UTC2000,WAIT-REPAIR,R02SSA129,2200,153XTSS011,ASS153XT3001A,22-01-13 22:29:43,22-01-14 15:33,HOSIN,SSBGA153JAU,1754,01/23/2022 MP,1091A07C41,4,R02SSA118,SSBGA153JAU,HOSIN,ASS153XT3001A,1091A07C41,127.2132,2022-01-13 22:29:43
BBB04,UTC2000,RUNNING,R03ABAA04,2200,096ELAB016,AAB096EL1003A,22-01-15 11:49,22-01-14 10:26,WINBOND,FBGA96UEL(2),5880,01/24/2022 MP,1091A07T21,,R03ABA702,FBGA96UEL(2),WINBOND,AAB096EL1003A,1091A07T21,231.6081,2022-01-15 11:49:35
BBB05,UTC2000,IDLE,,,,AAB054TN1005A,,22-01-14 09:23,,,,01/25/2022 MP,,,R02ABGK53,TSOP2-54ME,WINBOND,AAB054TN1005A,1091A07T21,299.4645,
BBB06,UTC2000,IN-REPAIR,R03MSI101,2200,096ECMS010,AMS096EC3001B,22-01-15 10:09:13,22-01-14 15:35,MTI,FBGA-96UEC,5560,01/26/2022 MP,1091A06T21,,R02ABN209,VFBGA54B4U,WINBOND,AAB054NR2001A,1091A08T21,239.5637,2022-01-15 10:09:13
BBB07,UTC2000,RUNNING,R03ABA406,2200,096ELAB016,AAB096EL1003A,22-01-15 09:49,22-01-14 08:16,WINBOND,FBGA96UEL(2),5918,01/27/2022 MP,,,R03ABA801,FBGA96UEL(2),WINBOND,AAB096EL1003A,1091A07T21,231.6081,2022-01-15 09:49:56
BBB08,UTC2000,RUNNING,R02AWGA17,2200,048TPAW103,AAW048TP1008B,22-01-15 02:34,22-01-14 15:07,MXIC,TSOP1-48/M2,720,01/28/2022 MP,1091A08T41,,R02AWGE10,TSOP1-48/M2,MXIC,AAW048TP1008B,1091A08T41,62.8647,2022-01-15 02:34:55
BBB09,UTC2000,RUNNING,R03MSFN04,2200,078U9MS017,AMS078C93001B,22-01-15 17:34,22-01-14 04:49,MTI,FBGA-78U9,6693,01/29/2022 MP,,,R02ABLG01,VFBGA54B4U,WINBOND,AAB054NR2001A,1091A08T21,182.1146,2022-01-15 17:34:18
BBB10,UTC2000,IDLE,,,,AYZ096EF2003A,,22-01-14 12:53,,,,01/30/2022 MP,,,R02YZA524,FBGA-96UEF,ZJP,AYZ096EF2003A,1091A07T21,145.9357,
BBB11,UTC2000,RUNNING,R02AWC817,2200,048TPAW086,AAW048TP1041B,22-01-15 00:23,22-01-14 13:51,MXIC,TSOP1-48/M2,720,01/31/2022 MP,1091A08T41,,R02AWCH18,TSOP1-48/M2,MXIC,AAW048TP1041B,1091A08T41,68.3815,2022-01-15 00:23:30
BBB12,UTC2000,RUNNING,R02AWET15,2200,048TPAW103,AAW048TP1008B,22-01-14 20:43,22-01-14 09:16,MXIC,TSOP1-48/M2,720,,1091A08T41,,R02AWDY25,TSOP1-48/M2,MXIC,AAW048TP1008B,1091A08T41,62.8647,2022-01-14 20:43:46
BBB13,UTC2000,WAIT-REPAIR,,,,AAW048TP1041B,,22-01-13 21:52,,,,,,,R02AWBG37,TSOP1-48/M2,MXIC,AAW048TP1041B,1091A08T41,68.3815,
BBB14,UTC2000,WAIT-SETUP,,,,AAW048TP1008B,,22-01-14 15:01,,,,,,,R02AWET11,TSOP1-48/M2,MXIC,AAW048TP1008B,1091A08T41,62.8647,
BBB15,UTC2000,RUNNING,R02YZA115,2200,096EFYZ004,AYZ096EF2003A,22-01-15 05:21,22-01-14 12:13,ZJP,FBGA-96UEF,2500,,1091A07T21,4,R02YZA515,FBGA-96UEF,ZJP,AYZ096EF2003A,1091A07T21,145.9357,2022-01-15 05:21:22
BBB16,UTC2000,RUNNING,R02YZA510,2200,096EFYZ004,AYZ096EF2003A,22-01-14 16:04,22-01-13 22:59,ZJP,FBGA-96UEF,2493,,1091A07T21,4,R02YZA110,FBGA-96UEF,ZJP,AYZ096EF2003A,1091A07T21,145.9357,2022-01-14 16:04:58
BBB17,UTC2000,RUNNING,R02BUBJ03,2200,084UCBU004,ABU084CC2001C,22-01-14 12:06,22-01-13 16:48,ICSI,FBGA-84UC(2),5557,,1091A08C21,,R02BUAG05,FBGA-84UC(2),ICSI,ABU084CC2001C,1091A08C21,242.795,2022-01-14 12:06:29
BBB18,UTC2000,RUNNING,R02ABN214,2200,054NRAB004,AAB054NR2001A,22-01-14 20:48,22-01-13 19:02,WINBOND,VFBGA54B4U,7869,,1091A08T21,,R02ABLG08,VFBGA54B4U,WINBOND,AAB054NR2001A,1091A08T21,305.3403,2022-01-14 20:48:40
BBB19,UTC2000,RUNNING,R02YZA306,2200,096EFYZ004,AYZ096EF2003A,22-01-13 15:07,22-01-12 22:15,ZJP,FBGA-96UEF,2460,,1091A07T21,4,R02CDAF01,TSOP2-66ME,ETRON,ACD066TN1013A,1091A08C41,145.9357,2022-01-13 15:07:07
BBB20,UTC2000,SETUP,R02ABGK57,2200,054TNAB036,AAB054TN1005A,22-01-14 15:53,22-01-14 15:23,WINBOND,TSOP2-54ME,2880,,1091A07T21,,R02ABGK13,TSOP2-54ME,WINBOND,AAB054TN1005A,1091A07T21,299.4645,2022-01-14 08:24:40
BBB21,UTC2000,WAIT-SETUP,,,,AAW024XJ6014A,,22-01-14 15:06,,,,,,,P53MSJL10,FBGA-78UEN,MTI,AMS078EN1002A,1091A06T21,421.8269,
BBB22,UTC2000,RUNNING,R02AWCH26,2200,048TPAW086,AAW048TP1041B,22-01-14 15:34,22-01-14 05:02,MXIC,TSOP1-48/M2,720,,1091A08T41,,R02AWBG44,TSOP1-48/M2,MXIC,AAW048TP1041B,1091A08T41,68.3815,2022-01-14 15:34:29
BBB23,UTC2000,IDLE,,,,AAB054TN1005A,,22-01-14 08:57,,,,,,,R02ABGK29,TSOP2-54ME,WINBOND,AAB054TN1005A,1091A07T21,299.4645,
BBB24,UTC2000,QC,,,,AAB024XW3001A,,,,,,,,,R02ABLG04,VFBGA54B4U,WINBOND,AAB054NR2001A,1091A08T21,1131.3247,
BBB25,UTC2000,IDLE,,,,ASS153XT3001A,,22-01-14 14:01,,,,01/14/2022 MP,,,R02SSA125,SSBGA153JAU,HOSIN,ASS153XT3001A,1091A07C41,127.2132,
BBB26,UTC2000,IDLE,,,,ABU084CC2001C,,22-01-14 10:59,,,,01/15/2022 MP,,,R02BUBJ04,FBGA-84UC(2),ICSI,ABU084CC2001C,1091A08C21,242.795,
BBB27,UTC2000,RUNNING,R02ABN208,2200,054NRAB004,AAB054NR2001A,22-01-14 01:30,22-01-12 23:49,WINBOND,VFBGA54B4U,7840,01/16/2022 MP,1091A08T21,,R02AWF602,MBGA64J4U,MXIC,AAW064MR1008B,1091A07T41,305.3403,2022-01-14 01:30:08
BBB28,UTC2000,RUNNING,R02AWGA06,2200,048TPAW103,AAW048TP1008B,22-01-14 22:25,22-01-14 10:58,MXIC,TSOP1-48/M2,720,01/17/2022 MP,1091A08T41,,R02AWCU46,TSOP1-48/M2,MXIC,AAW048TP1008B,1091A08T41,62.8647,2022-01-14 22:25:21
BBB29,UTC2000,RUNNING,R02YZA125,2200,096EFYZ004,AYZ096EF2003A,22-01-14 16:57,22-01-13 23:49,ZJP,FBGA-96UEF,2500,01/18/2022 MP,1091A07T21,4,R02YZA105,FBGA-96UEF,ZJP,AYZ096EF2003A,1091A07T21,145.9357,2022-01-14 16:57:19
BBB30,UTC2000,RUNNING,R03MSHZ03,2200,096ECMS010,AMS096EC3001B,22-01-15 12:00,22-01-14 12:37,MTI,FBGA-96UEC,5600,01/19/2022 MP,1091A06T21,,R02ABLG06,VFBGA54B4U,WINBOND,AAB054NR2001A,1091A08T21,239.5637,2022-01-15 12:00:01
BBB31,UTC2000,RUNNING,R03YZA106,2200,096EFYZ004,AYZ096EF2003A,22-01-15 06:47,22-01-14 13:47,ZJP,FBGA-96UEF,2480,01/20/2022 MP,,,R02YZA116,FBGA-96UEF,ZJP,AYZ096EF2003A,1091A07T21,145.9357,2022-01-15 06:47:01
BBB32,UTC2000,RUNNING,R02AWC816,2200,048TPAW086,AAW048TP1041B,22-01-14 15:39,22-01-14 05:07,MXIC,TSOP1-48/M2,720,01/21/2022 MP,1091A08T41,,R02AWB540,TSOP1-48/M2,MXIC,AAW048TP1041B,1091A08T41,68.3815,2022-01-14 15:39:39
BBB33,UTC2000,IDLE,,,,AAB054TN1005A,,22-01-14 11:09,,,,01/24/2022 MP,,,R02ABGK51,TSOP2-54ME,WINBOND,AAB054TN1005A,1091A07T21,299.4645,
BBB34,UTC2000,RUNNING,R02AWCH34,2200,048TPAW086,AAW048TP1041B,22-01-15 01:30,22-01-14 14:58,MXIC,TSOP1-48/M2,720,01/23/2022 MP,1091A08T41,,R02AWCH13,TSOP1-48/M2,MXIC,AAW048TP1041B,1091A08T41,68.3815,2022-01-15 01:30:12
BBB35,UTC2000,WAIT-SETUP,,,,AMS096EC1002A,,22-01-14 14:55,,,,01/24/2022 MP,,,R02YZA122,FBGA-96UEF,ZJP,AYZ096EF2003A,1091A07T21,305.6722,
BBB36,UTC2000,RUNNING,R03MSFN02,2200,078U9MS017,AMS078C93001B,22-01-15 20:22,22-01-14 07:37,MTI,FBGA-78U9,6692,01/25/2022 MP,,,R03AWAK01,STBGA24A4L,MXIC,AAW024XJ6010B,1091A07T41,182.1146,2022-01-15 20:22:39
BBC01,MAXUM-PLUS,RUNNING,R02MSGT02,2200,096ECMS003,AMS096EC1002A,22-01-14 22:14,22-01-14 01:58,MTI,FBGA-96UEC,5600,01/29/2022 MP,,,R02MSGL02,FBGA-96UEC,MTI,AMS096EC1002A,1091A06T41,276.3423,2022-01-14 22:14:10
BBC02,MAXUM-PLUS,WAIT-REPAIR,R02MSGP04,2200,096ECMS003,AMS096EC1002A,22-01-14 15:49:48,22-01-14 15:32,MTI,FBGA-96UEC,5542,01/30/2022 MP,,,R02MSGB04,FBGA-96UEC,MTI,AMS096EC1002A,1091A06T41,276.3423,2022-01-14 15:49:48
BBC03,MAXUM-PLUS,RUNNING,R02MSGQ02,2200,096ECMS003,AMS096EC1002A,22-01-14 22:03,22-01-14 01:58,MTI,FBGA-96UEC,5549,01/31/2022 MP,1091A06T41,,R02MSGC06,FBGA-96UEC,MTI,AMS096EC1002A,1091A06T41,276.3423,2022-01-14 22:03:48
BBC04,MAXUM-PLUS,RUNNING,R02MSGY03,2200,096ECMS003,AMS096EC1002A,22-01-15 11:46,22-01-14 15:30,MTI,FBGA-96UEC,5600,,1091A06T41,,R02MSGW04,FBGA-96UEC,MTI,AMS096EC1002A,1091A06T41,276.3423,2022-01-15 11:46:11
BBC05,MAXUM-PLUS,RUNNING,R02MSGR06,2200,096ECMS003,AMS096EC1002A,22-01-14 22:55,22-01-14 02:56,MTI,FBGA-96UEC,5520,,1091A06T41,,R02MSGL04,FBGA-96UEC,MTI,AMS096EC1002A,1091A06T41,276.3423,2022-01-14 22:55:28
BBC06,MAXUM-PLUS,RUNNING,R02MSGT01,2200,096ECMS003,AMS096EC1002A,22-01-14 17:47,22-01-13 21:31,MTI,FBGA-96UEC,5600,,,,R02MSGF03,FBGA-96UEC,MTI,AMS096EC1002A,1091A06T41,276.3423,2022-01-14 17:47:39
BBC07,MAXUM-PLUS,RUNNING,R02MSCI03,2200,078EPMS004,AMS078EP1001A,22-01-15 01:40,22-01-13 23:13,MTI,FBGA-78UEP,5920,,,,R02MSAX02,FBGA-78UEP,MTI,AMS078EP1001A,1091A06T21,223.8319,2022-01-15 01:40:45
BBC08,MAXUM-PLUS,RUNNING,R02MSCW03,2200,078EPMS004,AMS078EP1001A,22-01-15 01:00,22-01-13 23:15,MTI,FBGA-78UEP,5764,,,,R02MSAR03,FBGA-78UEP,MTI,AMS078EP1001A,1091A06T21,223.8319,2022-01-15 01:00:28
BBC09,MAXUM-PLUS,RUNNING,R02MSCY01,2200,078EPMS004,AMS078EP1001A,22-01-15 08:37,22-01-14 06:10,MTI,FBGA-78UEP,5920,,1091A06T21,,R02MSB301,FBGA-78UEP,MTI,AMS078EP1001A,1091A06T21,223.8319,2022-01-15 08:37:27
BBC10,MAXUM-PLUS,RUNNING,P53MSJZ01,2200,078EPMS004,AMS078EP1001A,22-01-15 08:19,22-01-14 06:13,MTI,FBGA-78UEP,5839,,1091A06T21,,R02MSAN02,FBGA-78UEP,MTI,AMS078EP1001A,1091A06T21,223.8319,2022-01-15 08:19:12
BBC11,MAXUM-PLUS,WAIT-SETUP,R02MSGT06,2200,096ECMS003,AMS096EC1002A,22-01-14 23:16:51,22-01-14 15:36,MTI,FBGA-96UEC,2130,,,,R02MSGV06,FBGA-96UEC,MTI,AMS096EC1002A,1091A06T41,276.3423,2022-01-14 23:16:51
BBC12,MAXUM-PLUS,RUNNING,R02MSGT05,2200,096ECMS003,AMS096EC1002A,22-01-15 06:39,22-01-14 10:35,MTI,FBGA-96UEC,5542,,,,R02MSGV05,FBGA-96UEC,MTI,AMS096EC1002A,1091A06T41,276.3423,2022-01-15 06:39:04
BBC13,MAXUM-PLUS,RUNNING,R02MSGY04,2200,096ECMS003,AMS096EC1002A,22-01-15 08:04,22-01-14 11:48,MTI,FBGA-96UEC,5600,,1091A06T41,,R02MSGR01,FBGA-96UEC,MTI,AMS096EC1002A,1091A06T41,276.3423,2022-01-15 08:04:49
BBC14,MAXUM-PLUS,RUNNING,R02MSGP07,2200,096ECMS003,AMS096EC1002A,22-01-15 08:04,22-01-14 11:40,MTI,FBGA-96UEC,5637,,,,R02MSGV02,FBGA-96UEC,MTI,AMS096EC1002A,1091A06T41,276.3423,2022-01-15 08:04:21
BBC15,MAXUM-PLUS,RUNNING,R02MSCU01,2200,078EPMS004,AMS078EP1001A,22-01-15 08:55,22-01-14 06:17,MTI,FBGA-78UEP,5960,,1091A06T21,,R02MSAM02,FBGA-78UEP,MTI,AMS078EP1001A,1091A06T21,223.8319,2022-01-15 08:55:30
BBC16,MAXUM-PLUS,RUNNING,R03MSJT01,2200,078ENMS009,AMS078EN1001A,22-01-15 03:06,22-01-14 12:38,MTI,FBGA-78UEN,3600,,,,R03MSBC01,FBGA-78UEN,MTI,AMS078EN1001A,1091A06T21,248.977,2022-01-15 03:06:14
BBC17,MAXUM-PLUS,PM,R03MSJT02,2200,078ENMS009,AMS078EN1001A,22-01-14 18:34,22-01-14 14:34,MTI,FBGA-78UEN,3600,01/14/2022 MP,,,R03MSB804,FBGA-78UEN,MTI,AMS078EN1001A,1091A06T21,248.977,2022-01-15 03:07:22
BBC18,MAXUM-PLUS,RUNNING,R02MSGT03,2200,096ECMS003,AMS096EC1002A,22-01-14 23:04,22-01-14 02:53,MTI,FBGA-96UEC,5577,01/15/2022 MP,,,R02MSGF06,FBGA-96UEC,MTI,AMS096EC1002A,1091A06T41,276.3423,2022-01-14 23:04:45
BBC19,MAXUM-PLUS,RUNNING,R03MSBA05,2200,078ENMS009,AMS078EN1001A,22-01-14 17:16,22-01-14 02:54,MTI,FBGA-78UEN,3577,01/16/2022 MP,1091A06T21,,R03MSAY05,FBGA-78UEN,MTI,AMS078EN1001A,1091A06T21,248.977,2022-01-14 17:16:31
BBC20,MAXUM-PLUS,RUNNING,R03MSB704,2200,078ENMS009,AMS078EN1001A,22-01-14 13:57,22-01-13 23:34,MTI,FBGA-78UEN,3580,01/17/2022 MP,1091A06T21,,R03MSAT02,FBGA-78UEN,MTI,AMS078EN1001A,1091A06T21,248.977,2022-01-14 13:57:14
BBC21,MAXUM-PLUS,IDLE,,,,AMS078EN1001A,,22-01-14 13:51,,,,01/18/2022 MP,,,R03MSBA01,FBGA-78UEN,MTI,AMS078EN1001A,1091A06T21,248.977,
BBC22,MAXUM-PLUS,RUNNING,R03MSAW07,2200,078ENMS009,AMS078EN1001A,22-01-15 02:59,22-01-14 12:41,MTI,FBGA-78UEN,3560,01/19/2022 MP,1091A06T21,,R03MSB703,FBGA-78UEN,MTI,AMS078EN1001A,1091A06T21,248.977,2022-01-15 02:59:14
BBC23,MAXUM-PLUS,RUNNING,R03MSAW06,2200,078ENMS009,AMS078EN1001A,22-01-15 03:00,22-01-14 12:42,MTI,FBGA-78UEN,3560,01/20/2022 MP,1091A06T21,,R03MSBA02,FBGA-78UEN,MTI,AMS078EN1001A,1091A06T21,248.977,2022-01-15 03:00:28
BBC24,MAXUM-PLUS,RUNNING,R03MSAV03,2200,078ENMS009,AMS078EN1001A,22-01-14 17:22,22-01-14 02:55,MTI,FBGA-78UEN,3600,01/21/2022 MP,1091A06T21,,R03MSBB01,FBGA-78UEN,MTI,AMS078EN1001A,1091A06T21,248.977,2022-01-14 17:22:45
BBC25,MAXUM-PLUS,RUNNING,R03MSAV01,2200,078ENMS009,AMS078EN1001A,22-01-14 13:44,22-01-13 23:19,MTI,FBGA-78UEN,3588,01/23/2022 MP,1091A06T21,,R03MSAV01,FBGA-78UEN,MTI,AMS078EN1001A,1091A06T21,248.977,
BBC26,MAXUM-PLUS,RUNNING,R03MSAW02,2200,078ENMS009,AMS078EN1001A,22-01-14 17:22,22-01-14 02:59,MTI,FBGA-78UEN,3580,01/23/2022 MP,1091A06T21,,R03MSB805,FBGA-78UEN,MTI,AMS078EN1001A,1091A06T21,248.977,2022-01-14 17:22:06
BBC27,MAXUM-PLUS,RUNNING,R02MSA804,2200,078EPMS004,AMS078EP1001A,22-01-14 21:55,22-01-13 23:27,MTI,FBGA-78UEP,5025,01/24/2022 MP,1091A06T21,,R02MSAZ01,FBGA-78UEP,MTI,AMS078EP1001A,1091A06T21,223.8319,2022-01-14 21:55:44
BBC28,MAXUM-PLUS,RUNNING,R03MSB304,2200,078ENMS009,AMS078EN1001A,22-01-15 02:59,22-01-14 12:44,MTI,FBGA-78UEN,3546,01/25/2022 MP,1091A06T21,,R03MSAY01,FBGA-78UEN,MTI,AMS078EN1001A,1091A06T21,248.977,2022-01-15 02:59:13
BBC29,MAXUM-PLUS,RUNNING,R03MSAV04,2200,078ENMS009,AMS078EN1001A,22-01-14 17:27,22-01-14 03:00,MTI,FBGA-78UEN,3600,01/26/2022 MP,1091A06T21,,R03MSBB02,FBGA-78UEN,MTI,AMS078EN1001A,1091A06T21,248.977,2022-01-14 17:27:37
BBC30,MAXUM-PLUS,IDLE,,,,AMS078EP1001A,,22-01-14 03:38,,,,01/27/2022 MP,,,R02MSB202,FBGA-78UEP,MTI,AMS078EP1001A,1091A06T21,223.8319,
BBC31,MAXUM-PLUS,RUNNING,R03MSB303,2200,078ENMS009,AMS078EN1001A,22-01-15 03:03,22-01-14 12:50,MTI,FBGA-78UEN,3540,01/28/2022 MP,1091A06T21,,R03MSAX04,FBGA-78UEN,MTI,AMS078EN1001A,1091A06T21,248.977,2022-01-15 03:03:43
BBC32,MAXUM-PLUS,RUNNING,R03MSAW09,2200,078ENMS009,AMS078EN1001A,22-01-15 00:22,22-01-14 15:37,MTI,FBGA-78UEN,2168,01/29/2022 MP,1091A06T21,,R03MSAW01,FBGA-78UEN,MTI,AMS078EN1001A,1091A06T21,248.977,2022-01-15 00:22:33
BBC33,MAXUM-PLUS,RUNNING,R03MSK302,2200,078ENMS009,AMS078EN1001A,22-01-15 05:57,22-01-14 15:35,MTI,FBGA-78UEN,3574,01/30/2022 MP,,,R03MSBC02,FBGA-78UEN,MTI,AMS078EN1001A,1091A06T21,248.977,2022-01-15 05:57:10
BBC34,MAXUM-PLUS,RUNNING,R03MSBE03,2200,078ENMS009,AMS078EN1001A,22-01-14 18:39,22-01-14 04:17,MTI,FBGA-78UEN,3580,,1091A06T21,,R03MSAX01,FBGA-78UEN,MTI,AMS078EN1001A,1091A06T21,248.977,2022-01-14 18:39:58
BBC35,MAXUM-PLUS,RUNNING,R03MSBA08,2200,078ENMS009,AMS078EN1001A,22-01-14 17:56,22-01-14 06:29,MTI,FBGA-78UEN,2843,,1091A06T21,,R03MSBB05,FBGA-78UEN,MTI,AMS078EN1001A,1091A06T21,248.977,2022-01-14 17:56:11
BBC36,MAXUM-PLUS,RUNNING,R02MSCZ04,2200,078EPMS004,AMS078EP1001A,22-01-15 09:13,22-01-14 13:53,MTI,FBGA-78UEP,4320,,1091A06T21,,R02MSAP04,FBGA-78UEP,MTI,AMS078EP1001A,1091A06T21,223.8319,2022-01-15 09:13:00
BBC37,MAXUM-PLUS,RUNNING,R02MSD301,2200,078EPMS004,AMS078EP1001A,22-01-15 15:44,22-01-14 13:54,MTI,FBGA-78UEP,5784,,,,R02MSAM03,FBGA-78UEP,MTI,AMS078EP1001A,1091A06T21,223.8319,2022-01-15 15:44:45
BBC38,MAXUM-PLUS,RUNNING,R02MSCM04,2200,078EPMS004,AMS078EP1001A,22-01-14 15:05,22-01-14 00:13,MTI,FBGA-78UEP,3319,,1091A06T21,,R02MSAQ02,FBGA-78UEP,MTI,AMS078EP1001A,1091A06T21,223.8319,2022-01-14 15:05:18
BBC39,MAXUM-PLUS,RUNNING,R03MSK301,2200,078ENMS009,AMS078EN1001A,22-01-15 05:44,22-01-14 15:34,MTI,FBGA-78UEN,3528,,,,R03MSBB03,FBGA-78UEN,MTI,AMS078EN1001A,1091A06T21,248.977,2022-01-15 05:44:29
BBC40,MAXUM-PLUS,IN-REPAIR,R02MSCT03,2200,078EPMS004,AMS078EP1001A,22-01-15 06:50:42,22-01-14 15:20,MTI,FBGA-78UEP,5858,,,,R02MSAU03,FBGA-78UEP,MTI,AMS078EP1001A,1091A06T21,223.8319,2022-01-15 06:50:42
BBC41,MAXUM-PLUS,RUNNING,R03MSBA07,2200,078ENMS009,AMS078EN1001A,22-01-14 20:36,22-01-14 06:31,MTI,FBGA-78UEN,3508,,1091A06T21,,R03MSAY02,FBGA-78UEN,MTI,AMS078EN1001A,1091A06T21,248.977,2022-01-14 20:36:58
BBC42,MAXUM-PLUS,IDLE,,,,AMS078EN1001A,,22-01-14 05:55,,,,,,,R03MSBB06,FBGA-78UEN,MTI,AMS078EN1001A,1091A06T21,248.977,
BBC43,MAXUM-PLUS,RUNNING,R03MSBA06,2200,078ENMS009,AMS078EN1001A,22-01-14 17:25,22-01-14 03:17,MTI,FBGA-78UEN,3520,,1091A06T21,,R03MSB801,FBGA-78UEN,MTI,AMS078EN1001A,1091A06T21,248.977,2022-01-14 17:25:31
BBC44,MAXUM-PLUS,RUNNING,R03MSBB07,2200,078ENMS009,AMS078EN1001A,22-01-14 06:31,22-01-13 16:09,MTI,FBGA-78UEN,3580,,1091A06T21,,P53MSN802,FBGA-78UEN,MTI,AMS078EN1001A,1091A06T21,248.977,2022-01-14 06:31:53
BBC45,MAXUM-PLUS,RUNNING,R03MSBC07,2200,078ENMS009,AMS078EN1001A,22-01-14 17:40,22-01-14 03:12,MTI,FBGA-78UEN,3600,,1091A06T21,,R03MSAU02,FBGA-78UEN,MTI,AMS078EN1001A,1091A06T21,248.977,2022-01-14 17:40:17
BBC46,MAXUM-PLUS,IDLE,,,,AMS078EP1001A,,22-01-14 11:14,,,,,,,R02MSAS03,FBGA-78UEP,MTI,AMS078EP1001A,1091A06T21,223.8319,
BBC47,MAXUM-PLUS,IDLE,,,,AMS078EN1001A,,22-01-14 14:35,,,,01/14/2022 SP,,,R03MSB501,FBGA-78UEN,MTI,AMS078EN1001A,1091A06T21,248.977,
BBC48,MAXUM-PLUS,RUNNING,R03MSBE04,2200,078ENMS009,AMS078EN1001A,22-01-14 18:44,22-01-14 04:18,MTI,FBGA-78UEN,3596,01/15/2022 SP,1091A06T21,,R03MSBB04,FBGA-78UEN,MTI,AMS078EN1001A,1091A06T21,248.977,2022-01-14 18:44:39
BBC49,MAXUM-PLUS,IDLE,,,,AMS078EP1001A,,22-01-14 05:45,,,,01/16/2022 SP,,,R02MSAS04,FBGA-78UEP,MTI,AMS078EP1001A,1091A06T21,223.8319,
BBC50,MAXUM-PLUS,RUNNING,R03MSBC08,2200,078ENMS009,AMS078EN1001A,22-01-14 17:32,22-01-14 03:05,MTI,FBGA-78UEN,3600,01/17/2022 SP,1091A06T21,,R03MSB802,FBGA-78UEN,MTI,AMS078EN1001A,1091A06T21,248.977,2022-01-14 17:32:41
BBC51,MAXUM-PLUS,RUNNING,R03MSAV06,2200,078ENMS009,AMS078EN1001A,22-01-14 20:55,22-01-14 06:28,MTI,FBGA-78UEN,3600,01/18/2022 SP,1091A06T21,,R03MSB705,FBGA-78UEN,MTI,AMS078EN1001A,1091A06T21,248.977,2022-01-14 20:55:43
BBC52,MAXUM-PLUS,RUNNING,R03MSBE01,2200,078ENMS009,AMS078EN1001A,22-01-14 17:33,22-01-14 03:10,MTI,FBGA-78UEN,3580,01/19/2022 SP,1091A06T21,,R03MSAX03,FBGA-78UEN,MTI,AMS078EN1001A,1091A06T21,248.977,2022-01-14 17:33:07
BBC53,MAXUM-PLUS,RUNNING,R02MSGS04,2200,096ECMS003,AMS096EC1002A,22-01-15 02:12,22-01-14 06:08,MTI,FBGA-96UEC,5545,01/20/2022 SP,1091A06T41,,R02MSGG01,FBGA-96UEC,MTI,AMS096EC1002A,1091A06T41,276.3423,2022-01-15 02:12:56
BBC54,MAXUM-PLUS,RUNNING,R02MSGU07,2200,096ECMS003,AMS096EC1002A,22-01-14 16:01,22-01-13 19:45,MTI,FBGA-96UEC,5600,01/21/2022 SP,1091A06T41,,R02MSGN03,FBGA-96UEC,MTI,AMS096EC1002A,1091A06T41,276.3423,2022-01-14 16:01:40
BBC55,MAXUM-PLUS,RUNNING,R02MSGS02,2200,096ECMS003,AMS096EC1002A,22-01-14 23:18,22-01-14 03:02,MTI,FBGA-96UEC,5600,01/24/2022 SP,1091A06T41,,R02MSGL01,FBGA-96UEC,MTI,AMS096EC1002A,1091A06T41,276.3423,2022-01-14 23:18:03
BBC56,MAXUM-PLUS,RUNNING,R03MSAV05,2200,078ENMS009,AMS078EN1001A,22-01-14 21:00,22-01-14 06:33,MTI,FBGA-78UEN,3600,01/23/2022 SP,1091A06T21,,R03MSB803,FBGA-78UEN,MTI,AMS078EN1001A,1091A06T21,248.977,2022-01-14 21:00:39
BBC57,MAXUM-PLUS,RUNNING,R03MSAW03,2200,078ENMS009,AMS078EN1001A,22-01-14 17:30,22-01-14 03:08,MTI,FBGA-78UEN,3580,01/24/2022 SP,1091A06T21,,R03MSAX02,FBGA-78UEN,MTI,AMS078EN1001A,1091A06T21,248.977,2022-01-14 17:30:56
BBC58,MAXUM-PLUS,IDLE,,,,AMS078EN1001A,,22-01-14 10:42,,,,01/25/2022 SP,,,R03MSB502,FBGA-78UEN,MTI,AMS078EN1001A,1091A06T21,248.977,
BBC59,MAXUM-PLUS,RUNNING,R02MSGP01,2200,096ECMS003,AMS096EC1002A,22-01-14 15:55,22-01-13 19:48,MTI,FBGA-96UEC,5560,01/26/2022 SP,,,R02MSGG04,FBGA-96UEC,MTI,AMS096EC1002A,1091A06T41,276.3423,2022-01-14 15:55:29
BBC60,MAXUM-PLUS,RUNNING,R02MSGR05,2200,096ECMS003,AMS096EC1002A,22-01-14 17:48,22-01-13 21:33,MTI,FBGA-96UEC,5598,01/27/2022 SP,1091A06T41,,R02MSGN07,FBGA-96UEC,MTI,AMS096EC1002A,1091A06T41,276.3423,2022-01-14 17:48:43
BBD01,MAXUM-PLUS,RUNNING,R02MSGZ01,2200,096ECMS003,AMS096EC1002A,22-01-15 10:35,22-01-14 14:51,MTI,FBGA-96UEC,5452,,1091A06T41,,R02MSGW03,FBGA-96UEC,MTI,AMS096EC1002A,1091A06T41,276.3423,2022-01-15 10:35:20
BBD02,MAXUM-PLUS,RUNNING,R02MSA803,2200,078EPMS004,AMS078EP1001A,22-01-14 18:09,22-01-13 16:39,MTI,FBGA-78UEP,5708,,1091A06T21,,R02MSAW01,FBGA-78UEP,MTI,AMS078EP1001A,1091A06T21,223.8319,2022-01-14 18:09:46
BBD03,MAXUM-PLUS,RUNNING,R02MSGS06,2200,096ECMS003,AMS096EC1002A,22-01-15 08:15,22-01-14 12:08,MTI,FBGA-96UEC,5560,,1091A06T41,,R02MSH702,FBGA-96UEC,MTI,AMS096EC1002A,1091A06T41,276.3423,2022-01-15 08:15:26
BBD09,MAXUM-PLUS,RUNNING,R03MSHZ02,2200,096ECMS010,AMS096EC3001B,22-01-15 04:20,22-01-14 06:53,MTI,FBGA-96UEC,5600,,1091A06T21,,R02MSHS06,FBGA-96UEC,MTI,AMS096EC3001B,1091A06T21,261.1095,2022-01-15 04:20:41
BBD10,MAXUM-PLUS,RUNNING,R02ASEE01,2200,008FGAS005,AAS008FG1010A,22-01-14 18:09,22-01-14 08:27,EliteMT,SOP-8G,10080,,1091G08PA4,,R02ASEC11,SOP-8G,EliteMT,AAS008FG1010A,1091G08PA4,1039.9078,2022-01-14 18:09:18
BBD11,MAXUM-PLUS,RUNNING,R02MSGQ04,2200,096ECMS003,AMS096EC1002A,22-01-14 22:25,22-01-14 02:09,MTI,FBGA-96UEC,5600,,1091A06T41,,R02MSGF07,FBGA-96UEC,MTI,AMS096EC1002A,1091A06T41,276.3423,2022-01-14 22:25:28
BBD12,MAXUM-PLUS,RUNNING,R02MSCJ03,2200,078EPMS004,AMS078EP1001A,22-01-15 00:42,22-01-13 22:38,MTI,FBGA-78UEP,5836,,1091A06T21,,R02MSB103,FBGA-78UEP,MTI,AMS078EP1001A,1091A06T21,223.8319,2022-01-15 00:42:52
BBD13,MAXUM-PLUS,RUNNING,R02MSH205,2200,096ECMS003,AMS096EC1002A,22-01-15 10:56,22-01-14 14:45,MTI,FBGA-96UEC,5577,,1091A06T41,,R02MSGR04,FBGA-96UEC,MTI,AMS096EC1002A,1091A06T41,276.3423,2022-01-15 10:56:42
BBD14,MAXUM-PLUS,RUNNING,R03BWAF06,2200,036ABBW009,ABW036AB1004A,22-01-14 23:01,22-01-14 10:30,AKM,QFN-36AB1,3200,01/14/2022 SP,,,R02BWC921,QFN-36AB1,AKM,ABW036AB1004A,1091A07C41,255.4947,2022-01-14 23:01:40
BBD15,MAXUM-PLUS,RUNNING,R02MSGQ01,2200,096ECMS003,AMS096EC1002A,22-01-14 22:14,22-01-14 02:01,MTI,FBGA-96UEC,5583,01/15/2022 SP,1091A06T41,,R02MSGL05,FBGA-96UEC,MTI,AMS096EC1002A,1091A06T41,276.3423,2022-01-14 22:14:07
BBD16,MAXUM-PLUS,RUNNING,R02MSGT04,2200,096ECMS003,AMS096EC1002A,22-01-15 01:56,22-01-14 05:49,MTI,FBGA-96UEC,5560,01/16/2022 SP,,,R02MSEE01,FBGA-96UEC,MTI,AMS096EC1002A,1091A06T41,276.3423,2022-01-15 01:56:32
BBD17,MAXUM-PLUS,RUNNING,R02MSCK02,2200,078EPMS004,AMS078EP1001A,22-01-15 08:00,22-01-14 05:47,MTI,FBGA-78UEP,5865,01/17/2022 SP,,,R02MSAS02,FBGA-78UEP,MTI,AMS078EP1001A,1091A06T21,223.8319,2022-01-15 08:00:01
BBD20,MAXUM-PLUS,RUNNING,R02MSCT02,2200,078EPMS004,AMS078EP1001A,22-01-14 18:59,22-01-13 16:56,MTI,FBGA-78UEP,5831,01/18/2022 SP,,,R02MSAV02,FBGA-78UEP,MTI,AMS078EP1001A,1091A06T21,223.8319,2022-01-14 18:59:51
BBD21,MAXUM-PLUS,RUNNING,R02MSGY05,2200,096ECMS003,AMS096EC1002A,22-01-15 11:03,22-01-14 14:47,MTI,FBGA-96UEC,5600,01/19/2022 SP,1091A06T41,,R02MSGU03,FBGA-96UEC,MTI,AMS096EC1002A,1091A06T41,276.3423,2022-01-15 11:03:19
BBD22,MAXUM-PLUS,RUNNING,R03MSI205,2200,096ECMS010,AMS096EC3001B,22-01-15 08:18,22-01-14 11:20,MTI,FBGA-96UEC,5478,01/20/2022 SP,1091A06T21,,R02MSHV07,FBGA-96UEC,MTI,AMS096EC3001B,1091A06T21,261.1095,2022-01-15 08:18:58
BBD23,MAXUM-PLUS,RUNNING,R03BWAF04,2200,036ABBW009,ABW036AB1004A,22-01-14 23:04,22-01-14 10:32,AKM,QFN-36AB1,3200,01/21/2022 SP,,,R02BWC925,QFN-36AB1,AKM,ABW036AB1004A,1091A07C41,255.4947,2022-01-14 23:04:16
BBD24,MAXUM-PLUS,RUNNING,R03BWAF05,2200,036ABBW009,ABW036AB1004A,22-01-14 23:06,22-01-14 10:35,AKM,QFN-36AB1,3200,01/23/2022 SP,,,R02BWC922,QFN-36AB1,AKM,ABW036AB1004A,1091A07C41,255.4947,2022-01-14 23:06:43
BBD35,MAXUM-PLUS,RUNNING,R03MSI606,2200,096ECMS010,AMS096EC3001B,22-01-14 18:51,22-01-13 21:33,MTI,FBGA-96UEC,5560,01/23/2022 SP,,,R02MSHU07,FBGA-96UEC,MTI,AMS096EC3001B,1091A06T21,261.1095,2022-01-14 18:51:10
BBD36,MAXUM-PLUS,RUNNING,R03BWAF03,2200,036ABBW009,ABW036AB1004A,22-01-14 14:40,22-01-14 02:08,AKM,QFN-36AB1,3200,01/24/2022 SP,,,R02BWC919,QFN-36AB1,AKM,ABW036AB1004A,1091A07C41,255.4947,2022-01-14 14:40:27
BBD37,MAXUM-PLUS,RUNNING,R03BWAF01,2200,036ABBW009,ABW036AB1004A,22-01-14 15:20,22-01-14 02:49,AKM,QFN-36AB1,3200,01/25/2022 SP,,,R02BWC920,QFN-36AB1,AKM,ABW036AB1004A,1091A07C41,255.4947,2022-01-14 15:20:31
BBD38,MAXUM-PLUS,RUNNING,R02MSGS05,2200,096ECMS003,AMS096EC1002A,22-01-15 05:07,22-01-14 09:00,MTI,FBGA-96UEC,5560,01/26/2022 SP,1091A06T41,,R02MSGR07,FBGA-96UEC,MTI,AMS096EC1002A,1091A06T41,276.3423,2022-01-15 05:07:27
BBD39,MAXUM-PLUS,RUNNING,R03BWAE03,2200,036ABBW009,ABW036AB1004A,22-01-14 23:21,22-01-14 10:50,AKM,QFN-36AB1,3200,01/27/2022 SP,1091A07C41,,R02BWC923,QFN-36AB1,AKM,ABW036AB1004A,1091A07C41,255.4947,2022-01-14 23:21:59
BBD40,MAXUM-PLUS,RUNNING,R02MSCY03,2200,078EPMS004,AMS078EP1001A,22-01-15 16:17,22-01-14 13:56,MTI,FBGA-78UEP,5900,01/28/2022 SP,1091A06T21,,R02MSCJ01,FBGA-78UEP,MTI,AMS078EP1001A,1091A06T21,223.8319,2022-01-15 16:17:55
BBD41,MAXUM-PLUS,WAIT-REPAIR,R02ASCZ02,2200,008FGAS023,AAS008FG1011A,22-01-14 20:15:28,22-01-14 15:03,EliteMT,SOP-8G,7817,01/29/2022 SP,,,R02ASD315,SOP-8G,EliteMT,AAS008FG1011A,1091G08PA4,1010.7121,2022-01-14 20:15:28
BBD42,MAXUM-PLUS,RUNNING,R02MSH603,2200,096ECMS003,AMS096EC1002A,22-01-15 05:18,22-01-14 09:02,MTI,FBGA-96UEC,5600,01/30/2022 SP,1091A06T41,,R02MSGH05,FBGA-96UEC,MTI,AMS096EC1002A,1091A06T41,276.3423,2022-01-15 05:18:23
BBD43,MAXUM-PLUS,RUNNING,R02MSGY02,2200,096ECMS003,AMS096EC1002A,22-01-15 05:23,22-01-14 09:08,MTI,FBGA-96UEC,5596,01/31/2022 SP,1091A06T41,,R02MSGW01,FBGA-96UEC,MTI,AMS096EC1002A,1091A06T41,276.3423,2022-01-15 05:23:39
BBD44,MAXUM-PLUS,RUNNING,R02MSH204,2200,096ECMS003,AMS096EC1002A,22-01-15 05:13,22-01-14 09:11,MTI,FBGA-96UEC,5537,,1091A06T41,,R02MSGU05,FBGA-96UEC,MTI,AMS096EC1002A,1091A06T41,276.3423,2022-01-15 05:13:53
BBD48,MAXUM-PLUS,RUNNING,R02ASD303,2200,008FGAS014,AAS008FG1011A,22-01-14 22:01,22-01-14 12:03,EliteMT,SOP-8G,10080,,1091G08PA4,,R02ASD313,SOP-8G,EliteMT,AAS008FG1011A,1091G08PA4,1010.7121,2022-01-14 22:01:53
BBD49,MAXUM-PLUS,RUNNING,R03MSI307,2200,096ECMS010,AMS096EC3001B,22-01-14 23:24,22-01-14 01:57,MTI,FBGA-96UEC,5600,,1091A06T21,,R02MSHS04,FBGA-96UEC,MTI,AMS096EC3001B,1091A06T21,261.1095,2022-01-14 23:24:46
BBD50,MAXUM-PLUS,RUNNING,R03MSI303,2200,096ECMS010,AMS096EC3001B,22-01-14 21:12,22-01-13 23:45,MTI,FBGA-96UEC,5600,,1091A06T21,,R02MSHW07,FBGA-96UEC,MTI,AMS096EC3001B,1091A06T21,261.1095,2022-01-14 21:12:37
BBD51,MAXUM-PLUS,RUNNING,R02ASEE08,2200,008FGAS005,AAS008FG1010A,22-01-14 22:59,22-01-14 13:18,EliteMT,SOP-8G,10080,,1091G08PA4,,R02ASEC09,SOP-8G,EliteMT,AAS008FG1010A,1091G08PA4,1039.9078,2022-01-14 22:59:39
BBD52,MAXUM-PLUS,RUNNING,R02ASD205,2200,008FGAS014,AAS008FG1011A,22-01-14 16:44,22-01-14 06:46,EliteMT,SOP-8G,10080,,1091G08PA4,,R02ASD111,SOP-8G,EliteMT,AAS008FG1011A,1091G08PA4,1010.7121,2022-01-14 16:44:51
BBD53,MAXUM-PLUS,RUNNING,R02ASE609,2200,008YQAS031,AAS008YQ2014A,22-01-14 13:20,22-01-14 05:43,EliteMT,DFN-08YQ2AW,6160,,1091G08PA4,,R02ASE610,DFN-08YQ2AW,EliteMT,AAS008YQ2014A,1091G08PA4,808.6053,2022-01-14 13:20:26
BBD54,MAXUM-PLUS,RUNNING,R02ASD309,2200,008FGAS014,AAS008FG1011A,22-01-14 23:04,22-01-14 13:05,EliteMT,SOP-8G,10080,,1091G08PA4,,R02ASD212,SOP-8G,EliteMT,AAS008FG1011A,1091G08PA4,1010.7121,2022-01-14 23:04:07
BBD55,MAXUM-PLUS,RUNNING,R02ASE608,2200,008YQAS031,AAS008YQ2014A,22-01-14 13:30,22-01-14 05:53,EliteMT,DFN-08YQ2AW,6160,,1091G08PA4,,R02ASE611,DFN-08YQ2AW,EliteMT,AAS008YQ2014A,1091G08PA4,808.6053,2022-01-14 13:30:40
BBD56,MAXUM-PLUS,RUNNING,R02ASD306,2200,008FGAS014,AAS008FG1011A,22-01-14 17:01,22-01-14 07:02,EliteMT,SOP-8G,10080,,1091G08PA4,,R02ASD101,SOP-8G,EliteMT,AAS008FG1011A,1091G08PA4,1010.7121,2022-01-14 17:01:05
BBD57,MAXUM-PLUS,RUNNING,R02ASEE04,2200,008FGAS005,AAS008FG1010A,22-01-14 19:09,22-01-14 09:27,EliteMT,SOP-8G,10080,,1091G08PA4,,R02ASEC12,SOP-8G,EliteMT,AAS008FG1010A,1091G08PA4,1039.9078,2022-01-14 19:09:33
BBD58,MAXUM-PLUS,RUNNING,R02ASD206,2200,008FGAS014,AAS008FG1011A,22-01-14 17:19,22-01-14 07:21,EliteMT,SOP-8G,10080,,1091G08PA4,,R02ASD108,SOP-8G,EliteMT,AAS008FG1011A,1091G08PA4,1010.7121,2022-01-14 17:19:38
BBD59,MAXUM-PLUS,RUNNING,R02ASEE05,2200,008FGAS005,AAS008FG1010A,22-01-14 21:09,22-01-14 11:27,EliteMT,SOP-8G,10080,01/14/2022 MP,1091G08PA4,,R02ASEC07,SOP-8G,EliteMT,AAS008FG1010A,1091G08PA4,1039.9078,2022-01-14 21:09:03
BBD60,MAXUM-PLUS,RUNNING,R03MSI705,2200,096ECMS010,AMS096EC3001B,22-01-14 18:39,22-01-13 21:36,MTI,FBGA-96UEC,5494,01/14/2022 MP,1091A06T21,,R02MSHS01,FBGA-96UEC,MTI,AMS096EC3001B,1091A06T21,261.1095,2022-01-14 18:39:00
BBD61,MAXUM-PLUS,RUNNING,R03ABB603,2200,008YMAB052,AAB008YM2020A,22-01-14 23:35,22-01-14 10:20,WINBOND,DFN-08YM2D,16000,01/15/2022 MP,1091A07T21,,R03ABB601,DFN-08YM2D,WINBOND,AAB008YM2020A,1091A07T21,1208.0284,2022-01-14 23:35:17
BBD62,MAXUM-PLUS,RUNNING,R02MSGQ03,2200,096ECMS003,AMS096EC1002A,22-01-15 05:14,22-01-14 08:58,MTI,FBGA-96UEC,5600,01/16/2022 MP,1091A06T41,,R02MSGU01,FBGA-96UEC,MTI,AMS096EC1002A,1091A06T41,276.3423,2022-01-15 05:14:07
BBD63,MAXUM-PLUS,RUNNING,R03BWAE02,2200,036ABBW009,ABW036AB1004A,22-01-14 23:24,22-01-14 10:52,AKM,QFN-36AB1,3200,01/17/2022 MP,1091A07C41,,R02BWC924,QFN-36AB1,AKM,ABW036AB1004A,1091A07C41,255.4947,2022-01-14 23:24:12
BBD64,MAXUM-PLUS,RUNNING,R02MSCI02,2200,078EPMS004,AMS078EP1001A,22-01-14 19:34,22-01-13 17:14,MTI,FBGA-78UEP,5892,01/18/2022 MP,,,R02MSAW02,FBGA-78UEP,MTI,AMS078EP1001A,1091A06T21,223.8319,2022-01-14 19:34:17
BBD65,MAXUM-PLUS,RUNNING,R03ABAT01,2200,008YMAB052,AAB008YM2020A,22-01-15 03:18,22-01-14 14:03,WINBOND,DFN-08YM2D,16000,01/19/2022 MP,,,R03ABB604,DFN-08YM2D,WINBOND,AAB008YM2020A,1091A07T21,1208.0284,2022-01-15 03:18:15
BBD66,MAXUM-PLUS,RUNNING,R02MSCN04,2200,078EPMS004,AMS078EP1001A,22-01-14 17:13,22-01-14 01:53,MTI,FBGA-78UEP,3423,01/20/2022 MP,,,R02MSAS01,FBGA-78UEP,MTI,AMS078EP1001A,1091A06T21,223.8319,2022-01-14 17:13:24
BBD67,MAXUM-PLUS,RUNNING,R02MSCU03,2200,078EPMS004,AMS078EP1001A,22-01-15 14:49,22-01-14 13:02,MTI,FBGA-78UEP,5768,01/30/2022 MP,1091A06T21,,R02MSAT02,FBGA-78UEP,MTI,AMS078EP1001A,1091A06T21,223.8319,2022-01-15 14:49:13
BBD81,MAXUM-PLUS,RUNNING,R02MSH202,2200,096ECMS003,AMS096EC1002A,22-01-15 11:18,22-01-14 15:03,MTI,FBGA-96UEC,5596,,1091A06T41,,R02MSGR03,FBGA-96UEC,MTI,AMS096EC1002A,1091A06T41,276.3423,2022-01-15 11:18:07
BBH08,MAXUM-PLUS,RUNNING,R03MSI607,2200,096ECMS010,AMS096EC3001B,22-01-15 01:28,22-01-14 04:11,MTI,FBGA-96UEC,5560,,,,R02MSHV05,FBGA-96UEC,MTI,AMS096EC3001B,1091A06T21,261.1095,2022-01-15 01:28:56
BBH09,MAXUM-PLUS,RUNNING,R03MSI706,2200,096ECMS010,AMS096EC3001B,22-01-15 01:10,22-01-14 03:52,MTI,FBGA-96UEC,5560,,1091A06T21,,R02MSHV02,FBGA-96UEC,MTI,AMS096EC3001B,1091A06T21,261.1095,2022-01-15 01:10:32
BBH10,MAXUM-PLUS,IDLE,,,,AMS096EC3001B,,22-01-14 13:43,,,,01/14/2022 MP,,,R02MSHS03,FBGA-96UEC,MTI,AMS096EC3001B,1091A06T21,261.1095,
BBH11,MAXUM-PLUS,RUNNING,R02MSCK01,2200,078EPMS004,AMS078EP1001A,22-01-15 08:23,22-01-14 06:34,MTI,FBGA-78UEP,5779,01/15/2022 MP,,,R02MSAV01,FBGA-78UEP,MTI,AMS078EP1001A,1091A06T21,223.8319,2022-01-15 08:23:42
BBH12,MAXUM-PLUS,IDLE,,,,AMS096EC3001B,,22-01-14 05:37,,,,01/16/2022 MP,,,R02MSHV04,FBGA-96UEC,MTI,AMS096EC3001B,1091A06T21,261.1095,
BBH13,MAXUM-PLUS,RUNNING,R02MSG310,2200,048TWMS059,AMS048TW1050A,22-01-14 22:52,22-01-14 14:41,MTI,TSOP1-48AM,2160,01/17/2022 MP,1091A07T41,,R02MSG305,TSOP1-48AM,MTI,AMS048TW1050A,1091A07T41,263.7631,2022-01-14 22:52:49
BBH14,MAXUM-PLUS,RUNNING,R02MSG303,2200,048TWMS059,AMS048TW1050A,22-01-14 17:22,22-01-14 09:11,MTI,TSOP1-48AM,2160,01/18/2022 MP,1091A07T41,,R02MSG312,TSOP1-48AM,MTI,AMS048TW1050A,1091A07T41,263.7631,2022-01-14 17:22:47
BBH15,MAXUM-PLUS,RUNNING,R02MSCV03,2200,078EPMS004,AMS078EP1001A,22-01-14 21:23,22-01-13 18:45,MTI,FBGA-78UEP,5960,01/19/2022 MP,,,R02MSAP01,FBGA-78UEP,MTI,AMS078EP1001A,1091A06T21,223.8319,2022-01-14 21:23:05
BBH16,MAXUM-PLUS,IN-REPAIR,R02MSCN03,2200,078EPMS004,AMS078EP1001A,22-01-15 03:31:34,22-01-14 15:00,MTI,FBGA-78UEP,5790,01/20/2022 MP,,,R02MSAL03,FBGA-78UEP,MTI,AMS078EP1001A,1091A06T21,223.8319,2022-01-15 03:31:34
BBH17,MAXUM-PLUS,RUNNING,R03AWAW04,2200,048TPAW056,AAW048TP1024D,22-01-14 18:49,22-01-14 11:20,MXIC,TSOP1-48/48M,2160,01/21/2022 MP,1091A08T41,,R03AWAW01,TSOP1-48/48M,MXIC,AAW048TP1024D,1091A08T41,288.725,2022-01-14 18:49:07
BBH18,MAXUM-PLUS,IDLE,,,,AMS096EC3001B,,22-01-09 03:27,,,,01/25/2022 MP,,,R02MSCF05,FBGA-96UEC,MTI,AMS096EC3001B,1091A06T21,261.1095,
BBH19,MAXUM-PLUS,IDLE,,,,AMS078EN1002A,,22-01-14 10:27,,,,01/23/2022 MP,,,P53MSJM11,FBGA-78UEN,MTI,AMS078EN1002A,1091A06T21,255.8787,
BBH20,MAXUM-PLUS,WAIT-REPAIR,P53MSJJ05,2200,078ENMS007,AMS078EN1002A,22-01-14 22:05:44,22-01-14 15:30,MTI,FBGA-78UEN,3560,01/24/2022 MP,1091A06T21,,P53MSJD09,FBGA-78UEN,MTI,AMS078EN1002A,1091A06T21,255.8787,2022-01-14 22:05:44
BBH21,MAXUM-PLUS,RUNNING,R02MSCL03,2200,078EPMS004,AMS078EP1001A,22-01-14 19:04,22-01-13 17:05,MTI,FBGA-78UEP,5815,01/25/2022 AP,1091A06T21,,R02MSAR04,FBGA-78UEP,MTI,AMS078EP1001A,1091A06T21,223.8319,2022-01-14 19:04:02
BBH22,MAXUM-PLUS,IDLE,,,,AMS048TW1050A,,22-01-14 15:32,,,,01/26/2022 AP,,,R02ABKV13,TSOP2-66ME,WINBOND,AAB066TN1001A,1091A07T21,263.7631,
BBH23,MAXUM-PLUS,RUNNING,R02MSCN02,2200,078EPMS004,AMS078EP1001A,22-01-15 04:08,22-01-14 01:35,MTI,FBGA-78UEP,5946,01/27/2022 AP,,,R02MSAV04,FBGA-78UEP,MTI,AMS078EP1001A,1091A06T21,223.8319,2022-01-15 04:08:57
BBH24,MAXUM-PLUS,IDLE,,,,AMS078EN1002A,,22-01-14 12:55,,,,01/28/2022 AP,,,P53MSJM10,FBGA-78UEN,MTI,AMS078EN1002A,1091A06T21,255.8787,
BBH25,MAXUM-PLUS,RUNNING,R02MSCM03,2200,078EPMS004,AMS078EP1001A,22-01-15 02:24,22-01-14 00:11,MTI,FBGA-78UEP,5870,01/29/2022 AP,1091A06T21,,R02MSAQ03,FBGA-78UEP,MTI,AMS078EP1001A,1091A06T21,223.8319,2022-01-15 02:24:41
BBH26,MAXUM-PLUS,RUNNING,R03MSI602,2200,096ECMS010,AMS096EC3001B,22-01-14 16:33,22-01-13 19:15,MTI,FBGA-96UEC,5560,01/30/2022 AP,,,R02MSHS08,FBGA-96UEC,MTI,AMS096EC3001B,1091A06T21,261.1095,2022-01-14 16:33:32
BBH27,MAXUM-PLUS,IDLE,,,,AMS078EN1002A,,22-01-14 10:59,,,,01/31/2022 AP,,,P53MSJM09,FBGA-78UEN,MTI,AMS078EN1002A,1091A06T21,255.8787,
BBH28,MAXUM-PLUS,RUNNING,R03AWAU02,2200,048TPAW056,AAW048TP1024D,22-01-14 22:33,22-01-14 15:04,MXIC,TSOP1-48/48M,2160,,1091A08T41,,R03AWAU01,TSOP1-48/48M,MXIC,AAW048TP1024D,1091A08T41,288.725,2022-01-14 22:33:02
BBH29,MAXUM-PLUS,IDLE,,,,AMS096EC3001B,,22-01-14 02:22,,,,,,,R02MSHV03,FBGA-96UEC,MTI,AMS096EC3001B,1091A06T21,261.1095,
BBH30,MAXUM-PLUS,RUNNING,R03MSI306,2200,096ECMS010,AMS096EC3001B,22-01-15 01:05,22-01-14 03:38,MTI,FBGA-96UEC,5600,,1091A06T21,,R02MSHS05,FBGA-96UEC,MTI,AMS096EC3001B,1091A06T21,261.1095,2022-01-15 01:05:01
BBH31,MAXUM-PLUS,RUNNING,R02ABKX01,2200,066TNAB033,AAB066TN1001A,22-01-14 17:42,22-01-14 05:30,WINBOND,TSOP2-66ME,2880,,1091A07T21,,R02ABKW01,TSOP2-66ME,WINBOND,AAB066TN1001A,1091A07T21,236.1979,2022-01-14 17:42:31
BBH32,MAXUM-PLUS,IDLE,,,,AMS078EP1001A,,22-01-14 14:56,,,,,,,R02MSCL02,FBGA-78UEP,MTI,AMS078EP1001A,1091A06T21,223.8319,
BBH33,MAXUM-PLUS,WAIT-SETUP,,,,AAB048TW2006A,,22-01-14 11:11,,,,,,,R02ABKH01,TSOP1-48AM,WINBOND,AAB048TW2002A,1091A07T21,376.2302,
BBH34,MAXUM-PLUS,RUNNING,R02MSCT04,2200,078EPMS004,AMS078EP1001A,22-01-15 01:13,22-01-14 00:08,MTI,FBGA-78UEP,5612,,,,R02MSAV03,FBGA-78UEP,MTI,AMS078EP1001A,1091A06T21,223.8319,2022-01-15 01:13:33
BBH35,MAXUM-PLUS,WAIT-SETUP,,,,AAB048TW2006A,,22-01-14 13:12,,,,,,,R02ABGK60,TSOP2-54ME,WINBOND,AAB054TN1005A,1091A07T21,376.2302,
BBH36,MAXUM-PLUS,WAIT-REPAIR,,,,AAB054TN1005A,,22-01-14 13:58,,,,,,,R02ABGK26,TSOP2-54ME,WINBOND,AAB054TN1005A,1091A07T21,212.622,
BBH37,MAXUM-PLUS,RUNNING,R02MSD801,2200,078EPMS004,AMS078EP1001A,22-01-15 08:48,22-01-14 06:32,MTI,FBGA-78UEP,5880,,1091A06T21,,R02MSB201,FBGA-78UEP,MTI,AMS078EP1001A,1091A06T21,223.8319,2022-01-15 08:48:51
BBH38,MAXUM-PLUS,RUNNING,R02AWCI06,2200,016D5AW011,AAW016D53004A,22-01-14 12:41,22-01-13 21:11,MXIC,SSLGA16DOU,1227,,1091A08T41,,R02AWBJ18,SSLGA16DOU,MXIC,AAW016D53004A,1091A08T41,79.2414,2022-01-14 12:41:04
BBH39,MAXUM-PLUS,RUNNING,P53MSJL11,2200,078ENMS007,AMS078EN1002A,22-01-14 18:54,22-01-14 09:27,MTI,FBGA-78UEN,2408,,1091A06T21,,P53MSJC10,FBGA-78UEN,MTI,AMS078EN1002A,1091A06T21,255.8787,2022-01-14 18:54:17
BBH40,MAXUM-PLUS,RUNNING,R02MSG311,2200,048TWMS059,AMS048TW1050A,22-01-14 23:33,22-01-14 15:21,MTI,TSOP1-48AM,2160,,1091A07T41,,R02MSG304,TSOP1-48AM,MTI,AMS048TW1050A,1091A07T41,263.7631,2022-01-14 23:33:14
BBH41,MAXUM-PLUS,PM,R02ABKX08,2200,066TNAB033,AAB066TN1001A,22-01-14 21:46,22-01-14 13:46,WINBOND,TSOP2-66ME,2880,01/14/2022 SP,1091A07T21,,R02ABKV02,TSOP2-66ME,WINBOND,AAB066TN1001A,1091A07T21,236.1979,2022-01-14 11:21:21
BBH42,MAXUM-PLUS,WAIT-SETUP,R02AWCP03,2200,016D5AW011,AAW016D53004A,22-01-14 20:09:29,22-01-14 14:49,MXIC,SSLGA16DOU,1242,01/15/2022 SP,,,R02AWBM03,SSLGA16DOU,MXIC,AAW016D53004A,1091A08T41,79.2414,2022-01-14 20:09:29
BBH43,MAXUM-PLUS,WAIT-SETUP,,,,AMS048TW1050A,,22-01-14 11:01,,,,01/16/2022 SP,,,R02ABKX10,TSOP2-66ME,WINBOND,AAB066TN1001A,1091A07T21,263.7631,
BBH44,MAXUM-PLUS,RUNNING,R03MSI601,2200,096ECMS010,AMS096EC3001B,22-01-14 15:39,22-01-13 18:21,MTI,FBGA-96UEC,5560,01/17/2022 SP,,,R02MSHT07,FBGA-96UEC,MTI,AMS096EC3001B,1091A06T21,261.1095,2022-01-14 15:39:32
BBH45,MAXUM-PLUS,RUNNING,R02ABKX07,2200,066TNAB033,AAB066TN1001A,22-01-14 09:17,22-01-13 21:05,WINBOND,TSOP2-66ME,2880,01/18/2022 SP,1091A07T21,,R02ABKV14,TSOP2-66ME,WINBOND,AAB066TN1001A,1091A07T21,236.1979,2022-01-14 09:17:03
BBH46,MAXUM-PLUS,RUNNING,R03MSI305,2200,096ECMS010,AMS096EC3001B,22-01-14 22:22,22-01-14 01:05,MTI,FBGA-96UEC,5559,01/19/2022 SP,1091A06T21,,R02MSHW06,FBGA-96UEC,MTI,AMS096EC3001B,1091A06T21,261.1095,2022-01-14 22:22:32
BBH47,MAXUM-PLUS,RUNNING,R03MSI201,2200,096ECMS010,AMS096EC3001B,22-01-15 04:07,22-01-14 06:59,MTI,FBGA-96UEC,5520,01/20/2022 SP,1091A06T21,,R02MSHV01,FBGA-96UEC,MTI,AMS096EC3001B,1091A06T21,261.1095,2022-01-15 04:07:40
BBH48,MAXUM-PLUS,WAIT-SETUP,,,,AAB048TW2006A,,22-01-14 14:07,,,,01/21/2022 SP,,,R02ABKX11,TSOP2-66ME,WINBOND,AAB066TN1001A,1091A07T21,376.2302,
BBH49,MAXUM-PLUS,RUNNING,P53MSJI03,2200,078ENMS007,AMS078EN1002A,22-01-14 07:56,22-01-13 18:08,MTI,FBGA-78UEN,3531,01/26/2022 SP,1091A06T21,,P53MSJM02,FBGA-78UEN,MTI,AMS078EN1002A,1091A06T21,255.8787,2022-01-14 07:56:28
BBH50,MAXUM-PLUS,RUNNING,P53MSJJ08,2200,078ENMS007,AMS078EN1002A,22-01-14 15:07,22-01-14 01:30,MTI,FBGA-78UEN,3483,01/23/2022 SP,1091A06T21,,P53MSJC08,FBGA-78UEN,MTI,AMS078EN1002A,1091A06T21,255.8787,2022-01-14 15:07:00
BBH51,MAXUM-PLUS,IDLE,,,,AMS078EN1002A,,22-01-14 09:08,,,,01/24/2022 MP,,,P53MSJL03,FBGA-78UEN,MTI,AMS078EN1002A,1091A06T21,255.8787,
BBH52,MAXUM-PLUS,RUNNING,R02ABKX06,2200,066TNAB033,AAB066TN1001A,22-01-14 21:28,22-01-14 09:17,WINBOND,TSOP2-66ME,2880,01/25/2022 MP,1091A07T21,,R02ABKW03,TSOP2-66ME,WINBOND,AAB066TN1001A,1091A07T21,236.1979,2022-01-14 21:28:59
BBH53,MAXUM-PLUS,RUNNING,R02ABKW05,2200,066TNAB033,AAB066TN1001A,22-01-14 01:45,22-01-13 13:33,WINBOND,TSOP2-66ME,2880,01/26/2022 MP,1091A07T21,,R02ABKT02,TSOP2-66ME,WINBOND,AAB066TN1001A,1091A07T21,236.1979,2022-01-14 01:45:09
BBH54,MAXUM-PLUS,RUNNING,R02ABKX05,2200,066TNAB033,AAB066TN1001A,22-01-14 17:41,22-01-14 05:29,WINBOND,TSOP2-66ME,2880,01/27/2022 MP,1091A07T21,,R02ABKV12,TSOP2-66ME,WINBOND,AAB066TN1001A,1091A07T21,236.1979,2022-01-14 17:41:17
BBH55,MAXUM-PLUS,RUNNING,R02ABKX02,2200,066TNAB033,AAB066TN1001A,22-01-14 15:33,22-01-14 03:21,WINBOND,TSOP2-66ME,2880,01/28/2022 MP,1091A07T21,,R02ABKV09,TSOP2-66ME,WINBOND,AAB066TN1001A,1091A07T21,236.1979,2022-01-14 15:33:32
BBH56,MAXUM-PLUS,RUNNING,R02ABKU06,2200,066TNAB026,AAB066TN1001A,22-01-14 18:29,22-01-14 06:17,WINBOND,TSOP2-66ME,2880,01/29/2022 MP,1091A07T21,,R02ABKV01,TSOP2-66ME,WINBOND,AAB066TN1001A,1091A07T21,236.1979,2022-01-14 18:29:01
BBH57,MAXUM-PLUS,RUNNING,R02ABKX04,2200,066TNAB033,AAB066TN1001A,22-01-14 18:20,22-01-14 06:08,WINBOND,TSOP2-66ME,2880,01/30/2022 MP,1091A07T21,,R02ABKX09,TSOP2-66ME,WINBOND,AAB066TN1001A,1091A07T21,236.1979,2022-01-14 18:20:16
BBH58,MAXUM-PLUS,IDLE,,,,AMS078EN1002A,,22-01-14 11:59,,,,01/31/2022 MP,,,P53MSJJ03,FBGA-78UEN,MTI,AMS078EN1002A,1091A06T21,255.8787,
BBH59,MAXUM-PLUS,RUNNING,P53MSJJ09,2200,078ENMS007,AMS078EN1002A,22-01-14 19:01,22-01-14 04:57,MTI,FBGA-78UEN,3600,,1091A06T21,,P53MSJI04,FBGA-78UEN,MTI,AMS078EN1002A,1091A06T21,255.8787,2022-01-14 19:01:22
BBH60,MAXUM-PLUS,RUNNING,P53MSJK09,2200,078ENMS007,AMS078EN1002A,22-01-14 21:02,22-01-14 06:59,MTI,FBGA-78UEN,3594,,1091A06T21,,P53MSJK02,FBGA-78UEN,MTI,AMS078EN1002A,1091A06T21,255.8787,2022-01-14 21:02:26
BBH61,MAXUM-PLUS,RUNNING,R02ABGK45,2200,054TNAB036,AAB054TN1005A,22-01-14 15:33,22-01-14 02:49,WINBOND,TSOP2-54ME,2880,,1091A07T21,,R02ABGK36,TSOP2-54ME,WINBOND,AAB054TN1005A,1091A07T21,212.622,2022-01-14 15:33:16
BBH62,MAXUM-PLUS,IDLE,,,,AMS078EN1002A,,22-01-14 10:48,,,,,,,P53MSJI06,FBGA-78UEN,MTI,AMS078EN1002A,1091A06T21,255.8787,
BBH63,MAXUM-PLUS,RUNNING,R02AWCT09,2200,016D5AW011,AAW016D53004A,22-01-15 02:08,22-01-14 10:44,MXIC,SSLGA16DOU,1220,,,,R02AWCI09,SSLGA16DOU,MXIC,AAW016D53004A,1091A08T41,79.2414,2022-01-15 02:08:39
BBH64,MAXUM-PLUS,RUNNING,R02ABKW04,2200,066TNAB033,AAB066TN1001A,22-01-14 05:03,22-01-13 16:52,WINBOND,TSOP2-66ME,2880,,1091A07T21,,R02MSBG05,FBGA-96UEC,MTI,AMS096EC3001B,1091A06T21,236.1979,2022-01-14 05:03:37
BBH65,MAXUM-PLUS,RUNNING,R02ABKW02,2200,066TNAB033,AAB066TN1001A,22-01-14 07:55,22-01-13 19:43,WINBOND,TSOP2-66ME,2880,,1091A07T21,,R02MSFD06,FBGA-96UEC,MTI,AMS096EC3001B,1091A06T21,236.1979,2022-01-14 07:55:04
BBH66,MAXUM-PLUS,WAIT-SETUP,,,,AAB048TW2006A,,22-01-14 14:25,,,,,,,R02ABKX03,TSOP2-66ME,WINBOND,AAB066TN1001A,1091A07T21,376.2302,
BBH67,MAXUM-PLUS,RUNNING,R03MSI203,2200,096ECMS010,AMS096EC3001B,22-01-15 11:33,22-01-14 14:19,MTI,FBGA-96UEC,5541,,1091A06T21,,R03MSI301,FBGA-96UEC,MTI,AMS096EC3001B,1091A06T21,261.1095,2022-01-15 11:33:05
BBH68,MAXUM-PLUS,RUNNING,R02MSB402,2200,078EPMS004,AMS078EP1001A,22-01-15 07:28,22-01-14 06:36,MTI,FBGA-78UEP,5566,,1091A06T21,,R02MSAX03,FBGA-78UEP,MTI,AMS078EP1001A,1091A06T21,223.8319,2022-01-15 07:28:48
BBH69,MAXUM-PLUS,RUNNING,R02MSCV02,2200,078EPMS004,AMS078EP1001A,22-01-14 19:40,22-01-13 17:18,MTI,FBGA-78UEP,5900,,,,R02MSAI02,FBGA-78UEP,MTI,AMS078EP1001A,1091A06T21,223.8319,2022-01-14 19:40:19
BBH70,MAXUM-PLUS,IDLE,,,,AMS078EN1002A,,22-01-14 12:03,,,,,,,P53MSJK10,FBGA-78UEN,MTI,AMS078EN1002A,1091A06T21,255.8787,
BBH96,MAXUM-PLUS,RUNNING,R03MSI704,2200,096ECMS010,AMS096EC3001B,22-01-14 15:42,22-01-13 18:25,MTI,FBGA-96UEC,5560,,1091A06T21,,R02MSBG02,FBGA-96UEC,MTI,AMS096EC3001B,1091A06T21,261.1095,2022-01-14 15:42:40
BBH97,MAXUM-PLUS,RUNNING,R03MSI604,2200,096ECMS010,AMS096EC3001B,22-01-14 15:39,22-01-13 18:27,MTI,FBGA-96UEC,5532,01/14/2022 MP,,,R02MSBT01,FBGA-96UEC,MTI,AMS096EC3001B,1091A06T21,261.1095,2022-01-14 15:39:05
BBH98,MAXUM-PLUS,RUNNING,R02ABGK58,2200,054TNAB036,AAB054TN1005A,22-01-14 12:44,22-01-14 00:00,WINBOND,TSOP2-54ME,2880,01/15/2022 MP,1091A07T21,,R02ABGK12,TSOP2-54ME,WINBOND,AAB054TN1005A,1091A07T21,212.622,2022-01-14 12:44:46
BBH99,MAXUM-PLUS,RUNNING,R03MSI703,2200,096ECMS010,AMS096EC3001B,22-01-15 01:23,22-01-14 04:05,MTI,FBGA-96UEC,5560,01/16/2022 MP,1091A06T21,,R02MSHT02,FBGA-96UEC,MTI,AMS096EC3001B,1091A06T21,261.1095,2022-01-15 01:23:22
BBJ01,ICONN,RUNNING,R03NIA803,2200,020YUNI003,ANI020YU1002B,22-01-14 18:39,22-01-13 22:07,DIALOG,QFN-20YU2D,12774,,1091A08T41,,R03NIA801,QFN-20YU2D,DIALOG,ANI020YU1002B,1091A08T41,622.9908,2022-01-14 18:39:05
BBJ02,MAXUM,IDLE,,,,AAS096EI2001A,,22-01-14 10:10,,,,,,,R02ASBU14,FBGA-96UEJ,EliteMT,AAS096EI2001A,1091G08PA1,145.531,
BBJ03,MAXUM,RUNNING,R02ASC906,2200,096ELAS001,AAS096EL1002A,22-01-15 10:34,22-01-14 14:56,EliteMT,FBGA-96UEL-3,2992,,,,R02ASAH01,FBGA-96UEL-3,EliteMT,AAS096EL1002A,1091G08PA1,152.4326,2022-01-15 10:34:27
BBK27,MAXUM-PLUS,RUNNING,R03MSHZ01,2200,096ECMS010,AMS096EC3001B,22-01-15 02:25,22-01-14 05:18,MTI,FBGA-96UEC,5517,01/17/2022 MP,1091A06T21,,R02MSHT06,FBGA-96UEC,MTI,AMS096EC3001B,1091A06T21,261.1095,2022-01-15 02:25:50
BBK28,MAXUM-PLUS,RUNNING,R02AWCI23,2200,016D5AW011,AAW016D53004A,22-01-14 20:05,22-01-14 04:11,MXIC,SSLGA16DOU,1260,01/18/2022 MP,1091A08T41,,R02AWBM05,SSLGA16DOU,MXIC,AAW016D53004A,1091A08T41,79.2414,2022-01-14 20:05:19
BBK29,MAXUM-PLUS,RUNNING,R02ABKH01,2200,048TWAB023,AAB048TW2002A,22-01-14 08:49,22-01-13 09:23,WINBOND,TSOP1-48AM,1437,01/19/2022 MP,1091A07T21,,R02CDAS01,FBGA-84UC(2),ETRON,ACD084CC2003A,1091A07T41,371.9542,2022-01-14 08:49:01
BBK30,MAXUM-PLUS,RUNNING,R02MSGQ05,2200,096ECMS003,AMS096EC1002A,22-01-14 23:28,22-01-14 03:12,MTI,FBGA-96UEC,5600,01/20/2022 MP,1091A06T41,,R02MSGL03,FBGA-96UEC,MTI,AMS096EC1002A,1091A06T41,276.3423,2022-01-14 23:28:16
BBK31,MAXUM-PLUS,RUNNING,R02MSGW05,2200,096ECMS003,AMS096EC1002A,22-01-14 17:51,22-01-13 21:47,MTI,FBGA-96UEC,5548,01/21/2022 MP,1091A06T41,,R02MSGB03,FBGA-96UEC,MTI,AMS096EC1002A,1091A06T41,276.3423,2022-01-14 17:51:57
BBK32,MAXUM-PLUS,RUNNING,R02MSGW07,2200,096ECMS003,AMS096EC1002A,22-01-14 19:06,22-01-14 03:03,MTI,FBGA-96UEC,4434,01/27/2022 MP,1091A06T41,,R02MSGH01,FBGA-96UEC,MTI,AMS096EC1002A,1091A06T41,276.3423,2022-01-14 19:06:58
BBK33,MAXUM-PLUS,IDLE,,,,AMS096EC1002A,,22-01-11 13:28,,,,01/23/2022 MP,,,R02MSEZ03,FBGA-96UEC,MTI,AMS096EC1002A,1091A06T41,276.3423,
BBK34,MAXUM-PLUS,RUNNING,R02MSGP06,2200,096ECMS003,AMS096EC1002A,22-01-14 23:06,22-01-14 02:59,MTI,FBGA-96UEC,5559,01/24/2022 MP,,,R02MSGC05,FBGA-96UEC,MTI,AMS096EC1002A,1091A06T41,276.3423,2022-01-14 23:06:07
BBK35,MAXUM-PLUS,RUNNING,R02MSGS03,2200,096ECMS003,AMS096EC1002A,22-01-15 04:15,22-01-14 07:59,MTI,FBGA-96UEC,5600,01/25/2022 MP,1091A06T41,,R02MSH701,FBGA-96UEC,MTI,AMS096EC1002A,1091A06T41,276.3423,2022-01-15 04:15:37
BBK36,MAXUM-PLUS,RUNNING,R02MSH605,2200,096ECMS003,AMS096EC1002A,22-01-15 09:24,22-01-14 13:08,MTI,FBGA-96UEC,5600,01/26/2022 MP,1091A06T41,,R02MSGH06,FBGA-96UEC,MTI,AMS096EC1002A,1091A06T41,276.3423,2022-01-15 09:24:23
BBK37,MAXUM-PLUS,RUNNING,R02MSH101,2200,096ECMS003,AMS096EC1002A,22-01-15 02:27,22-01-14 06:22,MTI,FBGA-96UEC,5548,01/27/2022 MP,,,R02MSGH04,FBGA-96UEC,MTI,AMS096EC1002A,1091A06T41,276.3423,2022-01-15 02:27:27
BBK38,MAXUM-PLUS,RUNNING,R02MSGP02,2200,096ECMS003,AMS096EC1002A,22-01-14 17:53,22-01-13 21:45,MTI,FBGA-96UEC,5560,01/28/2022 MP,,,R02MSGC02,FBGA-96UEC,MTI,AMS096EC1002A,1091A06T41,276.3423,2022-01-14 17:53:06
BBK39,MAXUM-PLUS,RUNNING,R02MSCJ04,2200,078EPMS004,AMS078EP1001A,22-01-14 20:08,22-01-14 00:23,MTI,FBGA-78UEP,4413,01/29/2022 AP,1091A06T21,,R02MSAL01,FBGA-78UEP,MTI,AMS078EP1001A,1091A06T21,223.8319,2022-01-14 20:08:14
BBK40,MAXUM-PLUS,IDLE,,,,AMS078EP1001A,,22-01-14 08:34,,,,01/30/2022 AP,,,R02MSAY02,FBGA-78UEP,MTI,AMS078EP1001A,1091A06T21,223.8319,
BBK41,MAXUM-PLUS,RUNNING,R02MSGY01,2200,096ECMS003,AMS096EC1002A,22-01-15 02:31,22-01-14 06:24,MTI,FBGA-96UEC,5560,01/31/2022 AP,1091A06T41,,R02MSH701,FBGA-96UEC,MTI,AMS096EC1002A,1091A06T41,276.3423,2022-01-15 02:31:15
BBK42,MAXUM-PLUS,RUNNING,R02MSH601,2200,096ECMS003,AMS096EC1002A,22-01-14 23:19,22-01-14 03:21,MTI,FBGA-96UEC,5516,,1091A06T41,,R02MSGU08,FBGA-96UEC,MTI,AMS096EC1002A,1091A06T41,276.3423,2022-01-14 23:19:19
BBK43,MAXUM-PLUS,RUNNING,R02MSGP03,2200,096ECMS003,AMS096EC1002A,22-01-14 23:29,22-01-14 03:21,MTI,FBGA-96UEC,5560,,,,R02MSGC03,FBGA-96UEC,MTI,AMS096EC1002A,1091A06T41,276.3423,2022-01-14 23:29:10
BBK44,MAXUM-PLUS,RUNNING,R02MSGQ06,2200,096ECMS003,AMS096EC1002A,22-01-15 02:54,22-01-14 06:38,MTI,FBGA-96UEC,5600,,1091A06T41,,R02MSGJ03,FBGA-96UEC,MTI,AMS096EC1002A,1091A06T41,276.3423,2022-01-15 02:54:19
BBK45,MAXUM-PLUS,RUNNING,R03MSAV02,2200,078ENMS009,AMS078EN1001A,22-01-14 14:12,22-01-13 23:45,MTI,FBGA-78UEN,3600,,1091A06T21,,P53MSN107,FBGA-78UEN,MTI,AMS078EN1001A,1091A06T21,248.977,2022-01-14 14:12:59
BBK46,MAXUM-PLUS,RUNNING,R03MSBA03,2200,078ENMS009,AMS078EN1001A,22-01-14 14:47,22-01-14 00:24,MTI,FBGA-78UEN,3580,,1091A06T21,,P53MSN705,FBGA-78UEN,MTI,AMS078EN1001A,1091A06T21,248.977,2022-01-14 14:47:39
BBK47,MAXUM-PLUS,RUNNING,R03MSAW08,2200,078ENMS009,AMS078EN1001A,22-01-15 05:55,22-01-14 15:37,MTI,FBGA-78UEN,3560,,1091A06T21,,R03MSB901,FBGA-78UEN,MTI,AMS078EN1001A,1091A06T21,248.977,2022-01-15 05:55:44
BBK48,MAXUM-PLUS,RUNNING,R03MSBA04,2200,078ENMS009,AMS078EN1001A,22-01-14 14:49,22-01-14 00:26,MTI,FBGA-78UEN,3580,,1091A06T21,,P53MSN908,FBGA-78UEN,MTI,AMS078EN1001A,1091A06T21,248.977,2022-01-14 14:49:00
BBK49,MAXUM-PLUS,RUNNING,R03MSBE02,2200,078ENMS009,AMS078EN1001A,22-01-14 17:42,22-01-14 03:19,MTI,FBGA-78UEN,3580,,1091A06T21,,P53MSMV09,FBGA-78UEN,MTI,AMS078EN1001A,1091A06T21,248.977,2022-01-14 17:42:34
BBL01,MAXUM-PLUS,RUNNING,R02MSHS07,2200,096ECMS010,AMS096EC3001B,22-01-14 11:56,22-01-13 14:30,MTI,FBGA-96UEC,5599,01/21/2022 MP,1091A06T21,,R02MSHU05,FBGA-96UEC,MTI,AMS096EC3001B,1091A06T21,261.1095,2022-01-14 11:56:40
BBL02,MAXUM-PLUS,RUNNING,R02ASD314,2200,008FGAS014,AAS008FG1011A,22-01-14 17:58,22-01-14 07:59,EliteMT,SOP-8G,10080,01/23/2022 MP,1091G08PA4,,R02ASD104,SOP-8G,EliteMT,AAS008FG1011A,1091G08PA4,1010.7121,2022-01-14 17:58:16
BBL03,MAXUM-PLUS,WAIT-SETUP,,,,AAB008YM2020A,,22-01-14 15:31,,,,01/24/2022 MP,,,R02MSHV06,FBGA-96UEC,MTI,AMS096EC3001B,1091A06T21,1208.0284,
BBL04,MAXUM-PLUS,IN-REPAIR,R02ASD307,2200,008FGAS014,AAS008FG1011A,22-01-15 00:27:54,22-01-14 15:32,EliteMT,SOP-8G,10080,01/25/2022 MP,1091G08PA4,,R02ASD208,SOP-8G,EliteMT,AAS008FG1011A,1091G08PA4,1010.7121,2022-01-15 00:27:54
BBL05,MAXUM-PLUS,WAIT-SETUP,,,,AAB008YM2020A,,22-01-14 15:25,,,,01/26/2022 MP,,,R02MSHV08,FBGA-96UEC,MTI,AMS096EC3001B,1091A06T21,1208.0284,
BBL16,MAXUM-PLUS,IDLE,,,,AAB008YB2007A,,22-01-14 08:02,,,,,,,R03ABAF39,DFN-08YB2G,WINBOND,AAB008YB2007A,1091A07T21,1064.6345,
BBL17,MAXUM-PLUS,RUNNING,R03AWBQ01,2200,008YMAW020,AAW008YM2004A,22-01-14 23:02,22-01-14 10:06,MXIC,DFN-08YM2D,16000,,,,R03ABAF27,DFN-08YB2G,WINBOND,AAB008YB2007A,1091A07T21,1237.0868,2022-01-14 23:02:45
BBL18,MAXUM-PLUS,RUNNING,R03MSI603,2200,096ECMS010,AMS096EC3001B,22-01-14 21:01,22-01-13 23:43,MTI,FBGA-96UEC,5560,,,,R02MSHS02,FBGA-96UEC,MTI,AMS096EC3001B,1091A06T21,261.1095,2022-01-14 21:01:15
BBL19,MAXUM-PLUS,RUNNING,R02ASEE03,2200,008FGAS005,AAS008FG1010A,22-01-14 18:03,22-01-14 08:22,EliteMT,SOP-8G,10080,,1091G08PA4,,R02ASEC08,SOP-8G,EliteMT,AAS008FG1010A,1091G08PA4,1039.9078,2022-01-14 18:03:56
BBL20,MAXUM-PLUS,RUNNING,R03BWAF02,2200,036ABBW009,ABW036AB1004A,22-01-14 14:59,22-01-14 02:28,AKM,QFN-36AB1,3200,01/16/2022 MP,,,R02BWC926,QFN-36AB1,AKM,ABW036AB1004A,1091A07C41,255.4947,2022-01-14 14:59:39
BBL21,MAXUM-PLUS,RUNNING,R02ASEE02,2200,008FGAS005,AAS008FG1010A,22-01-14 17:58,22-01-14 08:16,EliteMT,SOP-8G,10080,01/25/2022 MP,1091G08PA4,,R02ASEC10,SOP-8G,EliteMT,AAS008FG1010A,1091G08PA4,1039.9078,2022-01-14 17:58:29
BBL22,MAXUM-PLUS,IDLE,,,,AAB008YQ2032A,,22-01-14 07:15,,,,01/26/2022 MP,,,R03ABD201,DFN-08YQ2A,WINBOND,AAB008YQ2032A,1091A07T21,904.8384,
BBM01,MAXUM,RUNNING,R03MSB503,2200,078ENMS009,AMS078EN1001A,22-01-14 09:51,22-01-13 18:47,MTI,FBGA-78UEN,3600,,1091A06T21,,R03MSAZ04,FBGA-78UEN,MTI,AMS078EN1001A,1091A06T21,238.8984,2022-01-14 09:51:42
BBM02,MAXUM,RUNNING,R03MSBD02,2200,078ENMS009,AMS078EN1001A,22-01-15 03:49,22-01-14 12:44,MTI,FBGA-78UEN,3600,,1091A06T21,,R03MSAY04,FBGA-78UEN,MTI,AMS078EN1001A,1091A06T21,238.8984,2022-01-15 03:49:04
BBM03,MAXUM,RUNNING,R03MSBC06,2200,078ENMS009,AMS078EN1001A,22-01-14 15:27,22-01-14 00:23,MTI,FBGA-78UEN,3600,,1091A06T21,,R03MSBB09,FBGA-78UEN,MTI,AMS078EN1001A,1091A06T21,238.8984,2022-01-14 15:27:34
BBM04,MAXUM,RUNNING,R03MSB902,2200,078ENMS009,AMS078EN1001A,22-01-14 21:40,22-01-14 06:40,MTI,FBGA-78UEN,3580,,1091A06T21,,R03MSB202,FBGA-78UEN,MTI,AMS078EN1001A,1091A06T21,238.8984,2022-01-14 21:40:01
BBM05,MAXUM,IDLE,,,,AMS078EN1001A,,22-01-14 14:20,,,,,,,R03MSB604,FBGA-78UEN,MTI,AMS078EN1001A,1091A06T21,238.8984,
BBM06,MAXUM,RUNNING,R03MSBC05,2200,078ENMS009,AMS078EN1001A,22-01-14 15:23,22-01-14 00:19,MTI,FBGA-78UEN,3600,,1091A06T21,,R03MSB201,FBGA-78UEN,MTI,AMS078EN1001A,1091A06T21,238.8984,2022-01-14 15:23:11
BBM07,MAXUM,RUNNING,R03MSB903,2200,078ENMS009,AMS078EN1001A,22-01-14 21:36,22-01-14 06:37,MTI,FBGA-78UEN,3580,,1091A06T21,,R03MSB603,FBGA-78UEN,MTI,AMS078EN1001A,1091A06T21,238.8984,2022-01-14 21:36:20
BBR01,RAPID,IDLE,,,,AAW008Y62015A,,22-01-14 02:19,,,,01/16/2022 MP,,,R02AWFT14,DFN-08Y62D,MXIC,AAW008Y62015A,1091A07T41,1084.8008,
BBR02,RAPID,RUNNING,R03ABAX11,2200,008YMAB068,AAB008YM2018A,22-01-14 17:20,22-01-14 07:12,WINBOND,DFN-08YM2D,16000,01/17/2022 MP,1091A07T21,,R03ABAY05,DFN-08YM2D,WINBOND,AAB008YM2018A,1091A07T21,1578.9041,2022-01-14 17:20:47
BBR03,RAPID,RUNNING,R03ABAX03,2200,008YMAB068,AAB008YM2018A,22-01-14 16:11,22-01-14 06:03,WINBOND,DFN-08YM2D,16000,01/18/2022 MP,1091A07T21,,R03ABAY01,DFN-08YM2D,WINBOND,AAB008YM2018A,1091A07T21,1578.9041,2022-01-14 16:11:01
BBR04,RAPID,RUNNING,R02HQAD04,3200,0442JHQ026,AHQ0442J3003A,22-01-14 23:30,22-01-14 14:38,EMC,FPSTLGA44tBV,2354,01/19/2022 MP,1091A06C41,,R02HQAC09,FPSTLGA44tBV,EMC,AHQ0442J3003A,1091A06C41,328.6546,2022-01-14 23:30:59
BBR05,RAPID,RUNNING,R02VGB420,2200,008Y6VG008,ABU008Y62011A,22-01-14 21:21,22-01-14 14:19,ISSI-VG,DFN-08Y62D,8320,01/19/2022 MP,1091A07C41,,R02VGB435,DFN-08Y62D,ISSI-VG,ABU008Y62011A,1091A07C41,1184.7633,2022-01-14 21:21:01
BBR06,RAPID,RUNNING,R02VGB409,2200,008Y6VG008,ABU008Y62011A,22-01-14 16:47,22-01-14 09:46,ISSI-VG,DFN-08Y62D,8320,01/20/2022 MP,1091A07C41,,R02VGB431,DFN-08Y62D,ISSI-VG,ABU008Y62011A,1091A07C41,1184.7633,2022-01-14 16:47:58
BBR07,RAPID,SETUP,,,,AHQ0442J3005A,22-01-14 17:06,22-01-14 15:36,,,,01/21/2022 MP,,,R02NVAA28,STBGA132G4VT,PHISON,ANV132X2C034A,1091A07C21,328.6546,
BBR08,RAPID,QC,,,,ANI020YU1005C,,,,,,01/23/2022 MP,,,R02NVAA35,STBGA132G4VT,PHISON,ANV132X2C034A,1091A07C21,733.4102,
BBR09,RAPID,ENG,,,,AHQ0415L1003B,22-01-14 11:42,22-01-14 11:42,,,,01/24/2022 MP,,,R02HQA201,FPSSLGA41AXT,EMC,AHQ0415L1005A,1091A06C41,142.6499,
BBR10,RAPID,RUNNING,R03ABAX04,2200,008YMAB068,AAB008YM2018A,22-01-14 23:07,22-01-14 12:59,WINBOND,DFN-08YM2D,16000,01/25/2022 MP,1091A07T21,,R03ABAX10,DFN-08YM2D,WINBOND,AAB008YM2018A,1091A07T21,1578.9041,2022-01-14 23:07:58
BBR11,RAPID,RUNNING,R03ABAX12,2200,008YMAB068,AAB008YM2018A,22-01-14 21:16,22-01-14 11:08,WINBOND,DFN-08YM2D,16000,01/26/2022 MP,1091A07T21,,R03ABAY03,DFN-08YM2D,WINBOND,AAB008YM2018A,1091A07T21,1578.9041,2022-01-14 21:16:26
BBR12,RAPID,RUNNING,R03ABAX13,2200,008YMAB068,AAB008YM2018A,22-01-15 01:05,22-01-14 14:57,WINBOND,DFN-08YM2D,16000,01/27/2022 MP,1091A07T21,,R03ABAX02,DFN-08YM2D,WINBOND,AAB008YM2018A,1091A07T21,1578.9041,2022-01-15 01:05:26
BBR13,RAPID,RUNNING,R03ABAY09,2200,008YMAB068,AAB008YM2018A,22-01-15 00:36,22-01-14 14:28,WINBOND,DFN-08YM2D,16000,01/28/2022 MP,1091A07T21,,R03ABAY11,DFN-08YM2D,WINBOND,AAB008YM2018A,1091A07T21,1578.9041,2022-01-15 00:36:09
BBR14,RAPID,RUNNING,R02HQAD03,3200,0442JHQ026,AHQ0442J3003A,22-01-14 23:25,22-01-14 14:31,EMC,FPSTLGA44tBV,2362,01/29/2022 MP,1091A06C41,,R02HQAC07,FPSTLGA44tBV,EMC,AHQ0442J3003A,1091A06C41,328.6546,2022-01-14 23:25:57
BBR15,RAPID,IDLE,,,,AHQ0442J3005A,,22-01-12 08:25,,,,01/30/2022 MP,,,R02HQAF12,FPSTLGA44YBV,EMC,AHQ0442J3005A,1091A06C41,328.6546,
BBR16,RAPID,WAIT-REPAIR,R03NIDU01,2200,020YUNI024,ANI020YU1005C,22-01-15 14:16:25,22-01-14 15:32,DIALOG,QFN-20YU2D,16739,01/31/2022 MP,,,R02NVAA37,STBGA132G4VT,PHISON,ANV132X2C034A,1091A07C21,733.4102,2022-01-15 14:16:25
BBR17,RAPID,IDLE,,,,AHQ0442J3005A,,22-01-12 14:53,,,,,,,R02HQAF15,FPSTLGA44YBV,EMC,AHQ0442J3005A,1091A06C41,328.6546,
BBR18,RAPID,IDLE,,,,AHQ0442J3005A,,22-01-12 20:45,,,,,,,R02HQAF16,FPSTLGA44YBV,EMC,AHQ0442J3005A,1091A06C41,328.6546,
BBR19,RAPID,IDLE,,,,ANV132X2A023A,,22-01-13 22:06,,,,,,,P52NVSX01,SSBGA132G4U,PHISON,ANV132X2A023A,1091A06C41,,
BBR20,RAPID,RUNNING,R02VGB734,2200,008Y6VG008,ABU008Y62011A,22-01-14 16:37,22-01-14 09:36,ISSI-VG,DFN-08Y62D,8320,,1091A07C41,,R02VGB429,DFN-08Y62D,ISSI-VG,ABU008Y62011A,1091A07C41,1184.7633,2022-01-14 16:37:28
BBR21,RAPID,RUNNING,R02VGB425,2200,008Y6VG008,ABU008Y62011A,22-01-14 20:39,22-01-14 13:38,ISSI-VG,DFN-08Y62D,8320,,1091A07C41,,R02VGB723,DFN-08Y62D,ISSI-VG,ABU008Y62011A,1091A07C41,1184.7633,2022-01-14 20:39:50
BBR22,RAPID,RUNNING,R02VGB422,2200,008Y6VG008,ABU008Y62011A,22-01-14 17:00,22-01-14 09:58,ISSI-VG,DFN-08Y62D,8320,,1091A07C41,,R02VGB410,DFN-08Y62D,ISSI-VG,ABU008Y62011A,1091A07C41,1184.7633,2022-01-14 17:00:03
BBR23,RAPID,RUNNING,R02VGB427,2200,008Y6VG008,ABU008Y62011A,22-01-14 18:17,22-01-14 11:15,ISSI-VG,DFN-08Y62D,8320,,1091A07C41,,R02VGB725,DFN-08Y62D,ISSI-VG,ABU008Y62011A,1091A07C41,1184.7633,2022-01-14 18:17:06
BBR24,RAPID,RUNNING,R03ABAY08,2200,008YMAB068,AAB008YM2018A,22-01-14 23:22,22-01-14 13:14,WINBOND,DFN-08YM2D,15999,,1091A07T21,,R03ABAX01,DFN-08YM2D,WINBOND,AAB008YM2018A,1091A07T21,1578.9041,2022-01-14 23:22:19
BBR25,RAPID,IDLE,,,,AAW008Y62015A,,22-01-13 16:13,,,,,,,R02AWFU02,DFN-08Y62D,MXIC,AAW008Y62015A,1091A07T41,1084.8008,
BBR26,RAPID,RUNNING,R02MSCX02,2200,078EPMS004,AMS078EP1001A,22-01-15 08:25,22-01-14 06:28,MTI,FBGA-78UEP,5950,01/29/2022 MP,1091A06T21,,R02MSAX04,FBGA-78UEP,MTI,AMS078EP1001A,1091A06T21,229.3943,2022-01-15 08:25:04
BBR27,RAPID,RUNNING,R02MSCN01,2200,078EPMS004,AMS078EP1001A,22-01-14 19:15,22-01-13 18:09,MTI,FBGA-78UEP,5760,01/30/2022 MP,,,R02MSAW03,FBGA-78UEP,MTI,AMS078EP1001A,1091A06T21,229.3943,2022-01-14 19:15:58
BBR28,RAPID,RUNNING,R02AWCI03,2200,016D5AW011,AAW016D53004A,22-01-14 19:35,22-01-14 01:51,MXIC,SSLGA16DOU,1241,01/31/2022 MP,1091A08T41,,R02AWBJ06,SSLGA16DOU,MXIC,AAW016D53004A,1091A08T41,70.0106,2022-01-14 19:35:31
BBR29,RAPID,RUNNING,R03MSBE06,2200,078ENMS009,AMS078EN1001A,22-01-15 02:04,22-01-14 11:24,MTI,FBGA-78UEN,3600,,1091A06T21,,R03MSB205,FBGA-78UEN,MTI,AMS078EN1001A,1091A06T21,245.2455,2022-01-15 02:04:47
BBR30,RAPID,RUNNING,R02AWCI01,2200,016D5AW011,AAW016D53004A,22-01-14 21:07,22-01-14 03:24,MXIC,SSLGA16DOU,1241,,1091A08T41,,R02AWC927,SSLGA16DOU,MXIC,AAW016D53004A,1091A08T41,70.0106,2022-01-14 21:07:42
BBR31,RAPID,IDLE,,,,AMS078EN1001A,,22-01-14 14:08,,,,,,,R03MSB204,FBGA-78UEN,MTI,AMS078EN1001A,1091A06T21,245.2455,
BBR32,RAPID,RUNNING,R02AWCT27,2200,016D5AW011,AAW016D53004A,22-01-15 22:57,22-01-14 14:29,MXIC,SSLGA16DOU,2278,,,,R02AWCI16,SSLGA16DOU,MXIC,AAW016D53004A,1091A08T41,70.0106,2022-01-15 22:57:45
BBR33,RAPID,SETUP,,,,AAW048TP1026E,22-01-14 17:23,22-01-14 15:23,,,,,,,R02SSA128,SSBGA153JAU,HOSIN,ASS153XT3001A,1091A07C41,443.9725,
BBR34,RAPID,RUNNING,R02AWCP16,2200,016D5AW011,AAW016D53004A,22-01-14 22:55,22-01-14 05:29,MXIC,SSLGA16DOU,1220,,,,R02AWC927A,SSLGA16DOU,MXIC,AAW016D53004A,1091A08T41,70.0106,2022-01-14 22:55:25
BBR35,RAPID,RUNNING,R02MSCZ01,2200,078EPMS004,AMS078EP1001A,22-01-15 08:03,22-01-14 06:56,MTI,FBGA-78UEP,5760,,1091A06T21,,R02MSAF01,FBGA-78UEP,MTI,AMS078EP1001A,1091A06T21,229.3943,2022-01-15 08:03:35
BBR36,RAPID,WAIT-REPAIR,,,,AMS078EP1001A,,22-01-13 19:21,,,,,,,R02MSAX01,FBGA-78UEP,MTI,AMS078EP1001A,1091A06T21,229.3943,
BBR37,RAPID,WAIT-REPAIR,,,,AMS078EP1001A,,22-01-14 08:45,,,,01/14/2022 MP,,,R02MSA504,FBGA-78UEP,MTI,AMS078EP1001A,1091A06T21,229.3943,
BBR38,RAPID,RUNNING,R02AWCP25,2200,016D5AW011,AAW016D53004A,22-01-15 02:30,22-01-14 08:47,MXIC,SSLGA16DOU,1240,01/15/2022 MP,,,R02NVAC12,STBGA132G4VT,PHISON,ANV132X2C044A,1091A07C41,70.0106,2022-01-15 02:30:28
BBR39,RAPID,IDLE,,,,AAW048TP1026E,,22-01-14 07:28,,,,01/16/2022 MP,,,R02ABK204,FBGA-84UC2H,WINBOND,AAB084CC9002A,1091A07T21,443.9725,
BBR40,RAPID,RUNNING,R02AWC914,2200,016D5AW011,AAW016D53004A,22-01-14 15:38,22-01-13 21:54,MXIC,SSLGA16DOU,1241,01/17/2022 MP,1091A08T41,,R02NVAC16,STBGA132G4VT,PHISON,ANV132X2C044A,1091A07C41,70.0106,2022-01-14 15:38:02
BBR41,RAPID,IDLE,,,,AMS078EP1001A,,22-01-12 14:43,,,,01/18/2022 MP,,,R02MSAA01,FBGA-78UEP,MTI,AMS078EP1001A,1091A06T21,229.3943,
BBR42,RAPID,RUNNING,R02AWCP26,2200,016D5AW011,AAW016D53004A,22-01-15 02:36,22-01-14 08:41,MXIC,SSLGA16DOU,1255,01/19/2022 MP,,,R02AWC907,SSLGA16DOU,MXIC,AAW016D53004A,1091A08T41,70.0106,2022-01-15 02:36:55
BBR43,RAPID,RUNNING,R02AWCI20,2200,016D5AW011,AAW016D53004A,22-01-14 17:04,22-01-13 23:28,MXIC,SSLGA16DOU,1232,01/20/2022 MP,1091A08T41,,R02AWBH04,SSLGA16DOU,MXIC,AAW016D53004A,1091A08T41,70.0106,2022-01-14 17:04:41
BBR44,RAPID,RUNNING,R02MSCX03,2200,078EPMS004,AMS078EP1001A,22-01-15 14:36,22-01-14 12:47,MTI,FBGA-78UEP,5920,,1091A06T21,,R02MSB203,FBGA-78UEP,MTI,AMS078EP1001A,1091A06T21,229.3943,2022-01-15 14:36:04
BBR45,RAPID,RUNNING,R02MSB504,2200,078EPMS004,AMS078EP1001A,22-01-15 10:07,22-01-14 13:47,MTI,FBGA-78UEP,4659,,,,R02MSAN03,FBGA-78UEP,MTI,AMS078EP1001A,1091A06T21,229.3943,2022-01-15 10:07:41
BBR46,RAPID,IDLE,,,,AAW016D53004A,,22-01-14 15:28,,,,,,,R02AWCI08,SSLGA16DOU,MXIC,AAW016D53004A,1091A08T41,70.0106,
BBR47,RAPID,RUNNING,R02AWCP11,2200,016D5AW011,AAW016D53004A,22-01-15 06:41,22-01-14 12:50,MXIC,SSLGA16DOU,1250,,,,R02AWC911,SSLGA16DOU,MXIC,AAW016D53004A,1091A08T41,70.0106,2022-01-15 06:41:43
BBR48,RAPID,RUNNING,R02AWCP06,2200,016D5AW011,AAW016D53004A,22-01-15 00:16,22-01-14 06:37,MXIC,SSLGA16DOU,1236,,,,R02AWBM08,SSLGA16DOU,MXIC,AAW016D53004A,1091A08T41,70.0106,2022-01-15 00:16:45
BBR49,RAPID,RUNNING,R02AWCP12,2200,016D5AW011,AAW016D53004A,22-01-15 03:02,22-01-14 08:52,MXIC,SSLGA16DOU,1272,,,,R02AWC901,SSLGA16DOU,MXIC,AAW016D53004A,1091A08T41,70.0106,2022-01-15 03:02:51
BBR50,RAPID,RUNNING,R02AWCT16,2200,016D5AW011,AAW016D53004A,22-01-15 08:02,22-01-14 14:37,MXIC,SSLGA16DOU,1219,,,,R02AWCI13,SSLGA16DOU,MXIC,AAW016D53004A,1091A08T41,70.0106,2022-01-15 08:02:19
BBR51,RAPID,RUNNING,R02MSCM02,2200,078EPMS004,AMS078EP1001A,22-01-14 19:26,22-01-13 18:00,MTI,FBGA-78UEP,5832,,1091A06T21,,R02MSAJ02,FBGA-78UEP,MTI,AMS078EP1001A,1091A06T21,229.3943,2022-01-14 19:26:23
BBR52,RAPID,IDLE,,,,AMS078EP1001A,,22-01-14 14:40,,,,,,,R02MSCG01,FBGA-78UEP,MTI,AMS078EP1001A,1091A06T21,229.3943,
BBR53,RAPID,RUNNING,R03MSB904,2200,078ENMS009,AMS078EN1001A,22-01-15 02:01,22-01-14 11:26,MTI,FBGA-78UEN,3580,,1091A06T21,,R03MSAY03,FBGA-78UEN,MTI,AMS078EN1001A,1091A06T21,245.2455,2022-01-15 02:01:57
BBR54,RAPID,ENG,,,,AAW016D53004A,22-01-14 11:59,22-01-14 11:59,,,,,,,R02AWBJ05,SSLGA16DOU,MXIC,AAW016D53004A,1091A08T41,70.0106,
BBR55,RAPID,RUNNING,R02MSCX01,2200,078EPMS004,AMS078EP1001A,22-01-15 03:06,22-01-14 01:17,MTI,FBGA-78UEP,5920,,1091A06T21,,R02MSAL02,FBGA-78UEP,MTI,AMS078EP1001A,1091A06T21,229.3943,2022-01-15 03:06:27
BBR56,RAPID,RUNNING,R02AWBM01,2200,016D5AW011,AAW016D53004A,22-01-14 23:53,22-01-14 06:45,MXIC,SSLGA16DOU,1199,,1091A08T41,,R02AWBJ04,SSLGA16DOU,MXIC,AAW016D53004A,1091A08T41,70.0106,2022-01-14 23:53:10
BBR57,RAPID,RUNNING,R02MSCH01,2200,078EPMS004,AMS078EP1001A,22-01-15 08:32,22-01-14 07:00,MTI,FBGA-78UEP,5857,01/14/2022 MP,1091A06T21,,R02MSAZ02,FBGA-78UEP,MTI,AMS078EP1001A,1091A06T21,229.3943,2022-01-15 08:32:16
BBR58,RAPID,RUNNING,R03MSBD04,2200,078ENMS009,AMS078EN1001A,22-01-15 06:02,22-01-14 15:23,MTI,FBGA-78UEN,3594,01/15/2022 MP,1091A06T21,,R03MSB702,FBGA-78UEN,MTI,AMS078EN1001A,1091A06T21,245.2455,2022-01-15 06:02:36
BBR59,RAPID,RUNNING,R02AWCP14,2200,016D5AW011,AAW016D53004A,22-01-14 22:23,22-01-14 04:20,MXIC,SSLGA16DOU,1264,01/16/2022 MP,,,R02AWC902,SSLGA16DOU,MXIC,AAW016D53004A,1091A08T41,70.0106,2022-01-14 22:23:46
BBR60,RAPID,RUNNING,R03MSBE05,2200,078ENMS009,AMS078EN1001A,22-01-15 02:09,22-01-14 11:28,MTI,FBGA-78UEN,3600,01/17/2022 MP,1091A06T21,,R03MSBC04,FBGA-78UEN,MTI,AMS078EN1001A,1091A06T21,245.2455,2022-01-15 02:09:23
BBR61,RAPID,RUNNING,R02MSB503,2200,078EPMS004,AMS078EP1001A,22-01-15 08:32,22-01-14 07:07,MTI,FBGA-78UEP,5828,01/18/2022 MP,,,R02MSAU01,FBGA-78UEP,MTI,AMS078EP1001A,1091A06T21,229.3943,2022-01-15 08:32:10
BBR62,RAPID,RUNNING,R02MSCT01,2200,078EPMS004,AMS078EP1001A,22-01-14 15:27,22-01-13 14:10,MTI,FBGA-78UEP,5800,01/19/2022 MP,,,R02MSAH02,FBGA-78UEP,MTI,AMS078EP1001A,1091A06T21,229.3943,2022-01-14 15:27:33
BBR63,RAPID,WAIT-SETUP,R03MSB905,2200,078ENMS009,AMS078EN1001A,22-01-14 18:46:45,22-01-14 15:30,MTI,FBGA-78UEN,1768,01/20/2022 MP,1091A06T21,,R03MSB105,FBGA-78UEN,MTI,AMS078EN1001A,1091A06T21,245.2455,2022-01-14 18:46:45
BBR64,RAPID,IDLE,,,,AMS078EN1001A,,22-01-14 14:02,,,,01/21/2022 MP,,,R03MSB104,FBGA-78UEN,MTI,AMS078EN1001A,1091A06T21,245.2455,
BBR65,RAPID,RUNNING,R02AWC912,2200,016D5AW011,AAW016D53004A,22-01-14 13:42,22-01-13 19:50,MXIC,SSLGA16DOU,1250,01/25/2022 MP,1091A08T41,,R02AWA504,SSLGA16DOU,MXIC,AAW016D53004A,1091A08T41,70.0106,2022-01-14 13:42:04
BBR66,RAPID,RUNNING,R02AWCI07,2200,016D5AW011,AAW016D53004A,22-01-14 16:20,22-01-13 22:35,MXIC,SSLGA16DOU,1242,,1091A08T41,,R02AWA505,SSLGA16DOU,MXIC,AAW016D53004A,1091A08T41,70.0106,2022-01-14 16:20:30
BBR67,RAPID,IDLE,,,,AMS078EP1001A,,22-01-14 09:22,,,,,,,R02MSA802,FBGA-78UEP,MTI,AMS078EP1001A,1091A06T21,229.3943,
BBR68,RAPID,IDLE,,,,AMS078EN1001A,,22-01-14 15:06,,,,,,,R03MSBC03,FBGA-78UEN,MTI,AMS078EN1001A,1091A06T21,245.2455,
BBR69,RAPID,ENG,,,,AAW016D53004A,22-01-14 11:59,22-01-14 11:59,,,,01/14/2022 MP,,,R02AWBJ07,SSLGA16DOU,MXIC,AAW016D53004A,1091A08T41,70.0106,
BBR70,RAPID,RUNNING,R02AWC922,2200,016D5AW011,AAW016D53004A,22-01-14 18:08,22-01-13 23:54,MXIC,SSLGA16DOU,1276,01/15/2022 MP,1091A08T41,,R03NVB105,SSBGA132G4VT,PHISON,ANV132X2C049A,1091A07C41,70.0106,2022-01-14 18:08:05
BBR71,RAPID,RUNNING,R02MSAT03,2200,078EPMS004,AMS078EP1001A,22-01-14 10:25,22-01-13 08:59,MTI,FBGA-78UEP,5832,01/16/2022 MP,1091A06T21,,R02MSAD02,FBGA-78UEP,MTI,AMS078EP1001A,1091A06T21,229.3943,2022-01-14 10:25:30
BBR72,RAPID,RUNNING,R03MSB307,2200,078ENMS009,AMS078EN1001A,22-01-15 05:50,22-01-14 15:19,MTI,FBGA-78UEN,3559,01/17/2022 MP,1091A06T21,,R03MSB504,FBGA-78UEN,MTI,AMS078EN1001A,1091A06T21,245.2455,2022-01-15 05:50:36
BBR73,RAPID,RUNNING,R02AWCP15,2200,016D5AW011,AAW016D53004A,22-01-15 02:42,22-01-14 09:10,MXIC,SSLGA16DOU,1227,01/18/2022 MP,,,R02AWC916,SSLGA16DOU,MXIC,AAW016D53004A,1091A08T41,70.0106,2022-01-15 02:42:05
BBR74,RAPID,RUNNING,R03MSB101,2200,078ENMS009,AMS078EN1001A,22-01-14 09:30,22-01-13 18:49,MTI,FBGA-78UEN,3600,01/19/2022 MP,1091A06T21,,P53MSN702,FBGA-78UEN,MTI,AMS078EN1001A,1091A06T21,245.2455,
BBR75,RAPID,RUNNING,R03MSB306,2200,078ENMS009,AMS078EN1001A,22-01-15 05:46,22-01-14 15:15,MTI,FBGA-78UEN,3560,01/20/2022 MP,1091A06T21,,R03MSB102,FBGA-78UEN,MTI,AMS078EN1001A,1091A06T21,245.2455,2022-01-15 05:46:52
BBR76,RAPID,IDLE,,,,AMS078EN1001A,,22-01-14 15:32,,,,01/23/2022 MP,,,R03MSB103,FBGA-78UEN,MTI,AMS078EN1001A,1091A06T21,245.2455,
BBR77,RAPID,IDLE,,,,AMS078EN1001A,,22-01-14 10:12,,,,01/24/2022 MP,,,P53MSGH01,FBGA-78UEN,MTI,AMS078EN1001A,1091A06T21,245.2455,
BBR78,RAPID,RUNNING,R03MSB701,2200,078ENMS009,AMS078EN1001A,22-01-14 10:18,22-01-13 19:43,MTI,FBGA-78UEN,3580,01/25/2022 MP,1091A06T21,,P53MSN501,FBGA-78UEN,MTI,AMS078EN1001A,1091A06T21,245.2455,2022-01-14 10:18:58
BBR79,RAPID,RUNNING,R02MSB303,2200,078EPMS004,AMS078EP1001A,22-01-14 09:50,22-01-13 08:52,MTI,FBGA-78UEP,5725,01/26/2022 MP,1091A06T21,,P53MSNH02,FBGA-78UEP,MTI,AMS078EP1001A,1091A06T21,229.3943,2022-01-14 09:50:11
BBR80,RAPID,RUNNING,R03MSB301,2200,078ENMS009,AMS078EN1001A,22-01-14 21:59,22-01-14 07:18,MTI,FBGA-78UEN,3600,01/27/2022 MP,1091A06T21,,P53MSN903,FBGA-78UEN,MTI,AMS078EN1001A,1091A06T21,245.2455,2022-01-14 21:59:06
BBR81,RAPID,RUNNING,R02MSCK03,2200,078EPMS004,AMS078EP1001A,22-01-15 15:29,22-01-14 13:51,MTI,FBGA-78UEP,5880,01/28/2022 MP,,,R02MSAT04,FBGA-78UEP,MTI,AMS078EP1001A,1091A06T21,229.3943,2022-01-15 15:29:23
BBR82,RAPID,RUNNING,R02AWC920,2200,016D5AW011,AAW016D53004A,22-01-14 15:46,22-01-13 21:37,MXIC,SSLGA16DOU,1271,01/29/2022 MP,1091A08T41,,R02ABH104,TSOP2-54ME,WINBOND,AAB054TN1004A,1091A07T21,70.0106,2022-01-14 15:46:45
BBR83,RAPID,RUNNING,R02MSCH03,2200,078EPMS004,AMS078EP1001A,22-01-15 14:05,22-01-14 13:02,MTI,FBGA-78UEP,5745,01/30/2022 MP,1091A06T21,,R02MSAE02,FBGA-78UEP,MTI,AMS078EP1001A,1091A06T21,229.3943,2022-01-15 14:05:31
BBR84,RAPID,RUNNING,R03MSAW04,2200,078ENMS009,AMS078EN1001A,22-01-14 20:43,22-01-14 06:03,MTI,FBGA-78UEN,3597,01/31/2022 MP,1091A06T21,,P53MSN307,FBGA-78UEN,MTI,AMS078EN1001A,1091A06T21,245.2455,2022-01-14 20:43:07
BBR85,RAPID,RUNNING,R02AWCT08,2200,016D5AW011,AAW016D53004A,22-01-15 05:49,22-01-14 12:06,MXIC,SSLGA16DOU,1241,,,,R02AWCI12,SSLGA16DOU,MXIC,AAW016D53004A,1091A08T41,70.0106,2022-01-15 05:49:52
BBR86,RAPID,RUNNING,R03MSBC09,2200,078ENMS009,AMS078EN1001A,22-01-14 10:55,22-01-14 05:51,MTI,FBGA-78UEN,1226,,1091A06T21,,P53MSN602,FBGA-78UEN,MTI,AMS078EN1001A,1091A06T21,245.2455,2022-01-14 10:55:11
BBR87,RAPID,RUNNING,R03MSAW05,2200,078ENMS009,AMS078EN1001A,22-01-14 20:20,22-01-14 05:42,MTI,FBGA-78UEN,3592,,1091A06T21,,P53MSNA01,FBGA-78UEN,MTI,AMS078EN1001A,1091A06T21,245.2455,2022-01-14 20:20:51
BBR88,RAPID,RUNNING,R03MSBD01,2200,078ENMS009,AMS078EN1001A,22-01-15 02:42,22-01-14 12:01,MTI,FBGA-78UEN,3598,,1091A06T21,,R03MSB203,FBGA-78UEN,MTI,AMS078EN1001A,1091A06T21,245.2455,2022-01-15 02:42:05
BBR89,RAPID,RUNNING,R03MSB302,2200,078ENMS009,AMS078EN1001A,22-01-14 21:40,22-01-14 07:10,MTI,FBGA-78UEN,3558,,1091A06T21,,P53MSMQ04,FBGA-78UEN,MTI,AMS078EN1001A,1091A06T21,245.2455,2022-01-14 21:40:48
BBR90,RAPID,RUNNING,R03MSBB08,2200,078ENMS009,AMS078EN1001A,22-01-14 09:35,22-01-13 19:01,MTI,FBGA-78UEN,3574,,1091A06T21,,P53MSN408,FBGA-78UEN,MTI,AMS078EN1001A,1091A06T21,245.2455,2022-01-14 09:35:48
BBR91,RAPID,IDLE,,,,AHQ0442J3003A,,22-01-14 02:18,,,,,,,R02HQAC15,FPSTLGA44tBV,EMC,AHQ0442J3003A,1091A06C41,328.6546,
BBR92,RAPID,IDLE,,,,AAW008Y62015A,,22-01-13 21:05,,,,,,,R02AWFT20,DFN-08Y62D,MXIC,AAW008Y62015A,1091A07T41,1084.8008,
BBR93,RAPID,ENG,,,,ACM088Y24001A,22-01-09 11:42,22-01-09 11:42,,,,,,,P82CMM901,SSQFN88Y23EW,ENG,ACM088Y24001A,1091A07C21,,
BBR94,RAPID,SETUP,,,,ANV132X2C034A,22-01-14 15:51,22-01-14 15:21,,,,,,,R02NVAE07,STBGA132G4VT,PHISON,ANV132X2C034A,1091A07C21,165.1566,
BBR95,RAPID,IDLE,,,,AAW008Y62015A,,22-01-14 00:15,,,,,,,R02AWFU01,DFN-08Y62D,MXIC,AAW008Y62015A,1091A07T41,1084.8008,
BBR96,RAPID,SETUP,,,,ANV132X2C034A,22-01-14 15:50,22-01-14 15:20,,,,,,,R02NVAB39,STBGA132G4VT,PHISON,ANV132X2C034A,1091A07C21,165.1566,
BBR97,RAPID,IDLE,,,,AAW008Y62015A,,22-01-13 22:56,,,,,,,R02AWFT22,DFN-08Y62D,MXIC,AAW008Y62015A,1091A07T41,1084.8008,
BBR98,RAPID,IDLE,,,,AAW008Y62015A,,22-01-13 18:27,,,,01/14/2022 MP,,,R02AWFT26,DFN-08Y62D,MXIC,AAW008Y62015A,1091A07T41,1084.8008,
BBR99,RAPID,ENG,,,,AQT192X85001B,22-01-12 06:09,22-01-12 06:09,,,,01/15/2022 MP,,,R80CMAQ01,STBGA192B4U,ENG,AQT192X85001B,1091C08TP2,73.1286,
BBRA1,RAPID,IDLE,,,,AAW008Y62015A,,22-01-13 20:35,,,,01/16/2022 MP,,,R02AWFT06,DFN-08Y62D,MXIC,AAW008Y62015A,1091A07T41,1084.8008,
BBRA2,RAPID,SETUP,,,,AHQ0442J3006A,22-01-14 15:53,22-01-14 15:23,,,,01/17/2022 MP,,,P53HQA4151,FPSTLGA44tBV,EMC,AHQ0442J3006A,1091A06C41,293.7876,
BBRA3,RAPID,IDLE,,,,AAW008Y62015A,,22-01-13 20:37,,,,01/18/2022 MP,,,R02AWFT21,DFN-08Y62D,MXIC,AAW008Y62015A,1091A07T41,1084.8008,
BBRA4,RAPID,RUNNING,R02HQAD07,3200,0442JHQ026,AHQ0442J3003A,22-01-14 19:30,22-01-14 10:36,EMC,FPSTLGA44tBV,2361,01/19/2022 MP,1091A06C41,,R02HQAC06,FPSTLGA44tBV,EMC,AHQ0442J3003A,1091A06C41,328.6546,2022-01-14 19:30:29
BBRA5,RAPID,RUNNING,R02HQAD02,3200,0442JHQ026,AHQ0442J3003A,22-01-14 19:38,22-01-14 10:37,EMC,FPSTLGA44tBV,2394,01/20/2022 MP,1091A06C41,,R02HQAC14,FPSTLGA44tBV,EMC,AHQ0442J3003A,1091A06C41,328.6546,2022-01-14 19:38:53
BBRA6,RAPID,IDLE,,,,AAW008Y62015A,,22-01-13 21:01,,,,01/21/2022 MP,,,R02AWFT13,DFN-08Y62D,MXIC,AAW008Y62015A,1091A07T41,1084.8008,
BBRA7,RAPID,ENG,,,,ANI020YU1005C,22-01-14 03:43,22-01-14 03:43,,,,01/23/2022 MP,,,R02NVAB38,STBGA132G4VT,PHISON,ANV132X2C034A,1091A07C21,733.4102,
BBRA8,RAPID,IDLE,,,,AAW008Y62014A,,22-01-13 05:29,,,,01/24/2022 MP,,,R02AWHI30,DFN-08Y62D,MXIC,AAW008Y62014A,1091A07T41,1343.9948,
BBRA9,RAPID,RUNNING,R03ABA303,2200,008YQAB090,AAB008YQ2039B,22-01-14 21:26,22-01-14 12:59,WINBOND,STDFN-08YQ2A,4320,01/25/2022 MP,1091A07T21,,R03ABA101,STDFN-08YQ2A,WINBOND,AAB008YQ2039B,1091A07T21,510.3266,2022-01-14 21:26:55
BBRB1,RAPID,ENG,,,,ANI020YU1005C,22-01-14 02:57,22-01-14 02:57,,,,01/26/2022 MP,,,R02NVAE01,STBGA132G4VT,PHISON,ANV132X2C034A,1091A07C21,733.4102,
BBRB2,RAPID,IN-REPAIR,R03ABA105,2200,008YQAB090,AAB008YQ2039B,22-01-14 13:28:50,22-01-14 14:35,WINBOND,STDFN-08YQ2A,4320,01/27/2022 MP,1091A07T21,,R03ABA201,STDFN-08YQ2A,WINBOND,AAB008YQ2039B,1091A07T21,510.3266,2022-01-14 13:28:50
BBRB3,RAPID,RUNNING,P53HQA203,2200,0225NHQ010,AHQ0225N1001A,22-01-14 18:30,22-01-14 09:18,EMC,FPSLGA22N6V,2680,01/23/2022 MP,1091A06C41,E,P53HQA202,FPSLGA22N6V,EMC,AHQ0225N1001A,1091A06C41,298.9671,2022-01-14 18:30:33
BBRB4,RAPID,RUNNING,R03ABA305,2200,008YQAB090,AAB008YQ2039B,22-01-14 21:25,22-01-14 12:57,WINBOND,STDFN-08YQ2A,4320,01/24/2022 MP,1091A07T21,,R03ABA106,STDFN-08YQ2A,WINBOND,AAB008YQ2039B,1091A07T21,510.3266,2022-01-14 21:25:12
BBRB5,RAPID,IDLE,,,,ANV132X2C034A,,22-01-12 03:06,,,,01/25/2022 MP,,,R02NVAE10,STBGA132G4VT,PHISON,ANV132X2C034A,1091A07C21,165.1566,
BBRB6,RAPID,ENG,,,,ANI020YU1005C,22-01-14 02:10,22-01-14 02:10,,,,01/26/2022 MP,,,R02NVAB29,STBGA132G4VT,PHISON,ANV132X2C034A,1091A07C21,733.4102,
BBRB7,RAPID,RUNNING,R03ABA301,2200,008YQAB090,AAB008YQ2039B,22-01-14 17:41,22-01-14 09:13,WINBOND,STDFN-08YQ2A,4320,01/27/2022 MP,1091A07T21,,R03ABA203,STDFN-08YQ2A,WINBOND,AAB008YQ2039B,1091A07T21,510.3266,2022-01-14 17:41:53
BBRB8,RAPID,RUNNING,R03ABAY07,2200,008YMAB068,AAB008YM2018A,22-01-14 19:29,22-01-14 09:21,WINBOND,DFN-08YM2D,16000,,1091A07T21,,R02NVAA36,STBGA132G4VT,PHISON,ANV132X2C034A,1091A07C21,1578.9041,2022-01-14 19:29:11
BBRB9,RAPID,RUNNING,R03ABA304,2200,008YQAB090,AAB008YQ2039B,22-01-14 21:21,22-01-14 12:54,WINBOND,STDFN-08YQ2A,4320,,1091A07T21,,R03ABA204,STDFN-08YQ2A,WINBOND,AAB008YQ2039B,1091A07T21,510.3266,2022-01-14 21:21:54
BBRC1,RAPID,IDLE,,,,ANV132X2C034A,,22-01-13 10:16,,,,,,,R02NVAB33,STBGA132G4VT,PHISON,ANV132X2C034A,1091A07C21,165.1566,
BBRC2,RAPID,RUNNING,R03ABA306,2200,008YQAB090,AAB008YQ2039B,22-01-14 21:37,22-01-14 13:09,WINBOND,STDFN-08YQ2A,4320,01/14/2022 AP,1091A07T21,,R02ABCG16,STDFN-08YQ2A,WINBOND,AAB008YQ2039B,1091A07T21,510.3266,2022-01-14 21:37:40
BBRC3,RAPID,RUNNING,R02VGB403,2200,008Y6VG008,ABU008Y62011A,22-01-14 21:10,22-01-14 14:08,ISSI-VG,DFN-08Y62D,8320,01/15/2022 AP,1091A07C41,,R02VGB439,DFN-08Y62D,ISSI-VG,ABU008Y62011A,1091A07C41,1184.7633,2022-01-14 21:10:11
BBRC4,RAPID,IDLE,,,,AAB008YQ2039B,,22-01-14 10:42,,,,01/16/2022 AP,,,R03ABA102,STDFN-08YQ2A,WINBOND,AAB008YQ2039B,1091A07T21,510.3266,
BBRC5,RAPID,IDLE,,,,AAW008Y62014A,,22-01-13 06:30,,,,01/17/2022 AP,,,R02AWHI32,DFN-08Y62D,MXIC,AAW008Y62014A,1091A07T41,1343.9948,
BBRC6,RAPID,IDLE,,,,AHQ0442J3003A,,22-01-14 11:33,,,,01/18/2022 AP,,,R02HQAC16,FPSTLGA44tBV,EMC,AHQ0442J3003A,1091A06C41,328.6546,
BBRC7,RAPID,IDLE,,,,AHQ0442J3005A,,22-01-13 01:43,,,,01/19/2022 AP,,,R02HQAF14,FPSTLGA44YBV,EMC,AHQ0442J3005A,1091A06C41,328.6546,
BBRC8,RAPID,RUNNING,R03ABAY06,2200,008YMAB068,AAB008YM2018A,22-01-14 17:26,22-01-14 07:18,WINBOND,DFN-08YM2D,16000,01/20/2022 AP,1091A07T21,,R02NVAB35,STBGA132G4VT,PHISON,ANV132X2C034A,1091A07C21,1578.9041,2022-01-14 17:26:06
BBRC9,RAPID,IDLE,,,,AHQ0442J3003A,,22-01-14 14:51,,,,01/21/2022 AP,,,R02HQAD01,FPSTLGA44tBV,EMC,AHQ0442J3003A,1091A06C41,328.6546,
BBRD1,RAPID,IDLE,,,,ANV132X2C034A,,22-01-10 17:05,,,,01/21/2022 AP,,,R02NVAA31,STBGA132G4VT,PHISON,ANV132X2C034A,1091A07C21,165.1566,
BBRD2,RAPID,RUNNING,R03ABAZ01,2200,008YMAB068,AAB008YM2018A,22-01-15 00:43,22-01-14 14:35,WINBOND,DFN-08YM2D,16000,01/23/2022 AP,,,R03ABAY10,DFN-08YM2D,WINBOND,AAB008YM2018A,1091A07T21,1578.9041,2022-01-15 00:43:57
BBRD3,RAPID,IDLE,,,,AAB008YQ2039B,,22-01-14 12:28,,,,01/24/2022 AP,,,R03ABA103,STDFN-08YQ2A,WINBOND,AAB008YQ2039B,1091A07T21,510.3266,
BBRD4,RAPID,RUNNING,R03ABA302,2200,008YQAB090,AAB008YQ2039B,22-01-14 19:21,22-01-14 10:53,WINBOND,STDFN-08YQ2A,4320,01/25/2022 AP,1091A07T21,,R03ABA205,STDFN-08YQ2A,WINBOND,AAB008YQ2039B,1091A07T21,510.3266,2022-01-14 19:21:18
BBRD5,RAPID,IDLE,,,,ANV132X2C034A,,22-01-10 21:36,,,,01/26/2022 AP,,,R02NVAA29,STBGA132G4VT,PHISON,ANV132X2C034A,1091A07C21,165.1566,
BBRD6,RAPID,IDLE,,,,AAB008YQ2039B,,22-01-14 11:31,,,,01/27/2022 AP,,,R03ABA104,STDFN-08YQ2A,WINBOND,AAB008YQ2039B,1091A07T21,510.3266,
BBRD7,RAPID,WAIT-REPAIR,,,,AAB008Y62010A,,22-01-10 14:30,,,,01/28/2022 AP,,,P51ABBB01,DFN-08Y62D,WINBOND,AAB008Y62010A,1091A07T21,1188.6752,
BBRD8,RAPID,IDLE,,,,ANV132X2C034A,,22-01-11 01:09,,,,01/29/2022 AP,,,R02NVAB32,STBGA132G4VT,PHISON,ANV132X2C034A,1091A07C21,165.1566,
BBRD9,RAPID,IDLE,,,,AHQ0442J3005A,,22-01-12 20:48,,,,01/30/2022 AP,,,R02HQAF161,FPSTLGA44YBV,EMC,AHQ0442J3005A,1091A06C41,328.6546,
BBRF1,RAPID,IDLE,,,,AAW008Y62015A,,22-01-13 23:41,,,,01/31/2022 AP,,,R02AWFT07,DFN-08Y62D,MXIC,AAW008Y62015A,1091A07T41,1084.8008,
BBRF2,RAPID,IDLE,,,,ANV132X2C034A,,22-01-11 17:45,,,,,,,R02NVAE08,STBGA132G4VT,PHISON,ANV132X2C034A,1091A07C21,165.1566,
BBRF3,RAPID,IDLE,,,,AAW008Y62014A,,22-01-13 08:59,,,,,,,R02AWHI23,DFN-08Y62D,MXIC,AAW008Y62014A,1091A07T41,1343.9948,
BBRF4,RAPID,IDLE,,,,AAW008Y62014A,,22-01-13 06:55,,,,,,,R02AWHI31,DFN-08Y62D,MXIC,AAW008Y62014A,1091A07T41,1343.9948,
BBRF5,RAPID,IDLE,,,,ANV132X2C034A,,22-01-11 10:42,,,,,,,R02NVAE06,STBGA132G4VT,PHISON,ANV132X2C034A,1091A07C21,165.1566,
BBS01,ICONN-PLUS,RUNNING,P52NVSW01,2200,0086ANV211,ANV0086A1078A,22-01-14 21:53,22-01-14 13:37,PHISON,uSD08AQV-C,1560,01/27/2022 MP,1091A06C41,,P52NVSG08,uSD08AQV-C,PHISON,ANV0086A1078A,1091A06C41,188.9702,2022-01-14 21:53:26
BBS02,ICONN-PLUS,RUNNING,P52NVSW02,2200,0086ANV211,ANV0086A1078A,22-01-14 21:55,22-01-14 13:40,PHISON,uSD08AQV-C,1560,01/28/2022 MP,1091A06C41,,P52NVSG19,uSD08AQV-C,PHISON,ANV0086A1078A,1091A06C41,188.9702,2022-01-14 21:55:50
BBS03,ICONN-PLUS,RUNNING,R02VGA503,2200,008YMVG003,ABU008YM2002A,22-01-14 19:00,22-01-14 06:23,ISSI-VG,DFN-08YM2D,16000,01/29/2022 MP,1091A08C41,,R02VGA501,DFN-08YM2D,ISSI-VG,ABU008YM2002A,1091A08C41,1267.5777,2022-01-14 19:00:50
BBS04,ICONN-PLUS,IDLE,,,,ANV0086A1078A,,22-01-08 16:15,,,,01/30/2022 MP,,,P52NVSG28,uSD08AQV-C,PHISON,ANV0086A1078A,1091A06C41,188.9702,
BBS05,ICONN-PLUS,IDLE,,,,ANV0086A1078A,,22-01-08 16:20,,,,01/31/2022 MP,,,P52NVSG29,uSD08AQV-C,PHISON,ANV0086A1078A,1091A06C41,188.9702,
BBS06,ICONN-PLUS,IDLE,,,,ANV0086A1078A,,22-01-08 18:06,,,,,,,P52NVSG27,uSD08AQV-C,PHISON,ANV0086A1078A,1091A06C41,188.9702,
BBS07,ICONN-PLUS,RUNNING,R03AWB503,2200,008Y6AW035,AAW008Y62016A,22-01-14 18:04,22-01-14 11:54,MXIC,DFN-08Y62D,8320,,,,R03AWB201,DFN-08Y62D,MXIC,AAW008Y62016A,1091A07T41,1349.0312,2022-01-14 18:04:30
BBS08,ICONN-PLUS,RUNNING,R02VGA504,2200,008YMVG003,ABU008YM2002A,22-01-14 18:39,22-01-14 06:02,ISSI-VG,DFN-08YM2D,16000,,1091A08C41,,R02VGA505,DFN-08YM2D,ISSI-VG,ABU008YM2002A,1091A08C41,1267.5777,2022-01-14 18:39:32
BBS09,ICONN-PLUS,IDLE,,,,ANV0086A1078A,,22-01-08 11:18,,,,,,,P52NVSG20,uSD08AQV-C,PHISON,ANV0086A1078A,1091A06C41,188.9702,
BBS10,ICONN-PLUS,IDLE,,,,ANV0086A1078A,,22-01-08 12:38,,,,,,,P52NVSG04,uSD08AQV-C,PHISON,ANV0086A1078A,1091A06C41,188.9702,
BBU01,UTC5000S,RUNNING,R02AWB539,2200,048TPAW086,AAW048TP1041B,22-01-14 18:52,22-01-14 10:25,MXIC,TSOP1-48/M2,720,01/29/2022 MP,1091A08T41,,R02AWBK39,TSOP1-48/M2,MXIC,AAW048TP1041B,1091A08T41,85.1953,2022-01-14 18:52:08
BBU02,UTC5000S,RUNNING,R02AWCH30,2200,048TPAW086,AAW048TP1041B,22-01-14 13:16,22-01-14 04:49,MXIC,TSOP1-48/M2,720,01/30/2022 MP,1091A08T41,,R02AWB545,TSOP1-48/M2,MXIC,AAW048TP1041B,1091A08T41,85.1953,2022-01-14 13:16:50
BBU03,UTC5000S,RUNNING,R02YZA520,2200,096EFYZ004,AYZ096EF2003A,22-01-14 18:46,22-01-14 08:40,ZJP,FBGA-96UEF,2469,01/31/2022 MP,1091A07T21,4,R02YZA506,FBGA-96UEF,ZJP,AYZ096EF2003A,1091A07T21,197.1695,2022-01-14 18:46:34
BBU04,UTC5000S,RUNNING,R02YZA518,2200,096EFYZ004,AYZ096EF2003A,22-01-14 18:52,22-01-14 08:49,ZJP,FBGA-96UEF,2460,,1091A07T21,4,R02YZA505,FBGA-96UEF,ZJP,AYZ096EF2003A,1091A07T21,197.1695,2022-01-14 18:52:33
BBU05,UTC5000S,RUNNING,R02AWC825,2200,048TPAW086,AAW048TP1041B,22-01-14 22:22,22-01-14 13:55,MXIC,TSOP1-48/M2,720,,1091A08T41,,R02AWCH25,TSOP1-48/M2,MXIC,AAW048TP1041B,1091A08T41,85.1953,2022-01-14 22:22:48
BBU06,UTC5000S,RUNNING,R02MSCG02,2200,078EPMS004,AMS078EP1001A,22-01-14 22:26,22-01-14 02:28,MTI,FBGA-78UEP,5751,,1091A06T21,,R02MSAM01,FBGA-78UEP,MTI,AMS078EP1001A,1091A06T21,246.8543,2022-01-14 22:26:42
BBU07,UTC5000S,RUNNING,R02AWCP21,2200,016D5AW011,AAW016D53004A,22-01-14 23:27,22-01-14 11:57,MXIC,SSLGA16DOU,1224,,,,R02AWCI02,SSLGA16DOU,MXIC,AAW016D53004A,1091A08T41,107.6208,2022-01-14 23:27:33
BBU08,UTC5000S,WAIT-REPAIR,R02AWCH28,2200,048TPAW086,AAW048TP1041B,22-01-14 09:14:05,22-01-14 15:27,MXIC,TSOP1-48/M2,720,,1091A08T41,,R02AWB546,TSOP1-48/M2,MXIC,AAW048TP1041B,1091A08T41,85.1953,2022-01-14 09:14:05
BBU09,UTC5000S,RUNNING,R02YZA517,2200,096EFYZ004,AYZ096EF2003A,22-01-14 18:47,22-01-14 08:44,ZJP,FBGA-96UEF,2460,,1091A07T21,4,R02YZA503,FBGA-96UEF,ZJP,AYZ096EF2003A,1091A07T21,197.1695,2022-01-14 18:47:32
BBU10,UTC5000S,RUNNING,R02AWGA12,2200,048TPAW103,AAW048TP1008B,22-01-14 17:59,22-01-14 07:59,MXIC,TSOP1-48/M2,720,,1091A08T41,,R02AWGE03,TSOP1-48/M2,MXIC,AAW048TP1008B,1091A08T41,72.006,2022-01-14 17:59:11
BBU11,UTC5000S,QC,R02AWCP02,2200,016D5AW011,AAW016D53004A,,,MXIC,SSLGA16DOU,1244,,,,R02AWC909,SSLGA16DOU,MXIC,AAW016D53004A,1091A08T41,107.6208,2022-01-14 16:02:35
BBU12,UTC5000S,RUNNING,R02AWGA20,2200,048TPAW103,AAW048TP1008B,22-01-14 23:14,22-01-14 13:14,MXIC,TSOP1-48/M2,720,,1091A08T41,,R02AWET03,TSOP1-48/M2,MXIC,AAW048TP1008B,1091A08T41,72.006,2022-01-14 23:14:13
BBU13,UTC5000S,RUNNING,R02AWCP17,2200,016D5AW011,AAW016D53004A,22-01-14 20:44,22-01-14 09:28,MXIC,SSLGA16DOU,1199,,,,R02AWC919,SSLGA16DOU,MXIC,AAW016D53004A,1091A08T41,107.6208,2022-01-14 20:44:38
BBU14,UTC5000S,QC,R02AWGA19,2200,048TPAW103,AAW048TP1008B,,,MXIC,TSOP1-48/M2,720,,1091A08T41,,R02AWET16,TSOP1-48/M2,MXIC,AAW048TP1008B,1091A08T41,72.006,2022-01-14 21:00:07
BBU15,UTC5000S,RUNNING,R02AWC814,2200,048TPAW086,AAW048TP1041B,22-01-14 16:34,22-01-14 08:07,MXIC,TSOP1-48/M2,720,,1091A08T41,,R02AWCH02,TSOP1-48/M2,MXIC,AAW048TP1041B,1091A08T41,85.1953,2022-01-14 16:34:58
BBU16,UTC5000S,RUNNING,R02AWC805,2200,048TPAW086,AAW048TP1041B,22-01-14 07:44,22-01-13 23:16,MXIC,TSOP1-48/M2,720,,1091A08T41,,R02AWB536,TSOP1-48/M2,MXIC,AAW048TP1041B,1091A08T41,85.1953,2022-01-14 07:44:03
BBU17,UTC5000S,RUNNING,R03MSI104,2200,096ECMS010,AMS096EC3001B,22-01-15 09:00,22-01-14 14:08,MTI,FBGA-96UEC,5582,01/14/2022 MP,1091A06T21,,R03MSI304,FBGA-96UEC,MTI,AMS096EC3001B,1091A06T21,239.5637,2022-01-15 09:00:03
BBU18,UTC5000S,QC,R02AWCH32,2200,048TPAW086,AAW048TP1041B,,,MXIC,TSOP1-48/M2,720,01/15/2022 MP,1091A08T41,,R02AWBG47,TSOP1-48/M2,MXIC,AAW048TP1041B,1091A08T41,85.1953,2022-01-14 16:27:30
BBU19,UTC5000S,RUNNING,R02AWC926,2200,016D5AW011,AAW016D53004A,22-01-14 14:39,22-01-14 03:23,MXIC,SSLGA16DOU,1199,01/16/2022 MP,1091A08T41,,R02AWBJ25,SSLGA16DOU,MXIC,AAW016D53004A,1091A08T41,107.6208,2022-01-14 14:39:17
BBU20,UTC5000S,RUNNING,R02YZA509,2200,096EFYZ004,AYZ096EF2003A,22-01-14 18:26,22-01-14 08:13,ZJP,FBGA-96UEF,2500,01/17/2022 MP,1091A07T21,4,R02YZA108,FBGA-96UEF,ZJP,AYZ096EF2003A,1091A07T21,197.1695,2022-01-14 18:26:55
BBU21,UTC5000S,RUNNING,R02AWCT02,2200,016D5AW011,AAW016D53004A,22-01-15 02:27,22-01-14 15:02,MXIC,SSLGA16DOU,1216,01/18/2022 MP,,,R02AWC923,SSLGA16DOU,MXIC,AAW016D53004A,1091A08T41,107.6208,2022-01-15 02:27:45
BBU22,UTC5000S,RUNNING,R02AWCT04,2200,016D5AW011,AAW016D53004A,22-01-15 00:58,22-01-14 13:34,MXIC,SSLGA16DOU,1215,01/19/2022 MP,,,R02AWCI04,SSLGA16DOU,MXIC,AAW016D53004A,1091A08T41,107.6208,2022-01-15 00:58:56
BBU23,UTC5000S,RUNNING,R02AWCT03,2200,016D5AW011,AAW016D53004A,22-01-15 01:07,22-01-14 13:36,MXIC,SSLGA16DOU,1226,01/20/2022 MP,,,R02AWCI10,SSLGA16DOU,MXIC,AAW016D53004A,1091A08T41,107.6208,2022-01-15 01:07:40
BBU24,UTC5000S,RUNNING,R02YZA502,2200,096EFYZ004,AYZ096EF2003A,22-01-14 15:06,22-01-14 05:00,ZJP,FBGA-96UEF,2470,01/21/2022 MP,1091A07T21,4,R02YZA107,FBGA-96UEF,ZJP,AYZ096EF2003A,1091A07T21,197.1695,2022-01-14 15:06:00
BBU25,UTC5000S,QC,R02AWGE42,2200,048TPAW103,AAW048TP1008B,,,MXIC,TSOP1-48/M2,720,01/28/2022 MP,1091A08T41,,R02AWET14,TSOP1-48/M2,MXIC,AAW048TP1008B,1091A08T41,72.006,2022-01-14 23:05:54
BBU26,UTC5000S,RUNNING,R02AWCI27,2200,016D5AW011,AAW016D53004A,22-01-15 03:13,22-01-14 11:04,MXIC,SSLGA16DOU,1724,01/23/2022 MP,1091A08T41,,R02AWC921,SSLGA16DOU,MXIC,AAW016D53004A,1091A08T41,107.6208,2022-01-15 03:13:37
BBU27,UTC5000S,RUNNING,R02AWGE24,2200,048TPAW103,AAW048TP1008B,22-01-14 18:34,22-01-14 08:34,MXIC,TSOP1-48/M2,720,01/24/2022 MP,1091A08T41,,R02AWCU41,TSOP1-48/M2,MXIC,AAW048TP1008B,1091A08T41,72.006,2022-01-14 18:34:27
BBU28,UTC5000S,WAIT-REPAIR,,,,AAB048TW2006A,,22-01-13 06:17,,,,01/25/2022 MP,,,R02ABFB04,TSOP1-48AM,WINBOND,AAB048TW2006A,1091A07T21,543.9208,
BBU29,UTC5000S,RUNNING,R02AWCI05,2200,016D5AW011,AAW016D53004A,22-01-14 20:23,22-01-14 08:32,MXIC,SSLGA16DOU,1262,01/26/2022 MP,1091A08T41,,R02AWBM27,SSLGA16DOU,MXIC,AAW016D53004A,1091A08T41,107.6208,2022-01-14 20:23:10
BBU30,UTC5000S,RUNNING,R02AWCP09,2200,016D5AW011,AAW016D53004A,22-01-15 01:36,22-01-14 13:44,MXIC,SSLGA16DOU,1263,01/27/2022 MP,,,R02AWC924,SSLGA16DOU,MXIC,AAW016D53004A,1091A08T41,107.6208,2022-01-15 01:36:03
BBU31,UTC5000S,RUNNING,R02AWCP24,2200,016D5AW011,AAW016D53004A,22-01-14 18:19,22-01-14 06:30,MXIC,SSLGA16DOU,1259,01/28/2022 MP,,,R02AWC906,SSLGA16DOU,MXIC,AAW016D53004A,1091A08T41,107.6208,2022-01-14 18:19:38
BBU32,UTC5000S,RUNNING,R02AWCP05,2200,016D5AW011,AAW016D53004A,22-01-14 16:37,22-01-14 05:09,MXIC,SSLGA16DOU,1220,01/29/2022 MP,,,R02AWC917,SSLGA16DOU,MXIC,AAW016D53004A,1091A08T41,107.6208,2022-01-14 16:37:03
BBU33,UTC5000S,RUNNING,R02AWC828,2200,048TPAW086,AAW048TP1041B,22-01-14 22:17,22-01-14 13:50,MXIC,TSOP1-48/M2,720,01/30/2022 SP,1091A08T41,,R02AWB547,TSOP1-48/M2,MXIC,AAW048TP1041B,1091A08T41,85.1953,2022-01-14 22:17:31
BBU34,UTC5000S,RUNNING,R02AWGA09,2200,048TPAW103,AAW048TP1008B,22-01-14 18:46,22-01-14 08:46,MXIC,TSOP1-48/M2,720,01/31/2022 SP,1091A08T41,,R02AWET07,TSOP1-48/M2,MXIC,AAW048TP1008B,1091A08T41,72.006,2022-01-14 18:46:47
BBU35,UTC5000S,RUNNING,R02AWGE21,2200,048TPAW103,AAW048TP1008B,22-01-14 11:46,22-01-14 01:46,MXIC,TSOP1-48/M2,720,,1091A08T41,,R02AWCU38,TSOP1-48/M2,MXIC,AAW048TP1008B,1091A08T41,72.006,2022-01-14 11:46:11
BBU36,UTC5000S,RUNNING,R02AWA402,2200,048TPAW086,AAW048TP1041B,22-01-14 23:29,22-01-14 15:02,MXIC,TSOP1-48/M2,720,,,,R02AWC813,TSOP1-48/M2,MXIC,AAW048TP1041B,1091A08T41,85.1953,2022-01-14 23:29:44
BBU37,UTC5000S,RUNNING,R02AWC804,2200,048TPAW086,AAW048TP1041B,22-01-14 15:12,22-01-14 06:45,MXIC,TSOP1-48/M2,720,,1091A08T41,,R02AWCH09,TSOP1-48/M2,MXIC,AAW048TP1041B,1091A08T41,85.1953,2022-01-14 15:12:17
BBU38,UTC5000S,RUNNING,R02AWC815,2200,048TPAW086,AAW048TP1041B,22-01-14 10:50,22-01-14 02:23,MXIC,TSOP1-48/M2,720,,1091A08T41,,R02AWCH03,TSOP1-48/M2,MXIC,AAW048TP1041B,1091A08T41,85.1953,2022-01-14 10:50:29
BBU39,UTC5000S,RUNNING,R02MSB501,2200,078EPMS004,AMS078EP1001A,22-01-14 22:50,22-01-14 02:25,MTI,FBGA-78UEP,5880,,,,R02MSAN01,FBGA-78UEP,MTI,AMS078EP1001A,1091A06T21,246.8543,2022-01-14 22:50:11
BBU40,UTC5000S,IN-REPAIR,R02AWCH12,2200,048TPAW086,AAW048TP1041B,22-01-14 03:34:40,22-01-14 15:23,MXIC,TSOP1-48/M2,720,,1091A08T41,,R02AWB514,TSOP1-48/M2,MXIC,AAW048TP1041B,1091A08T41,85.1953,2022-01-14 03:34:40
BBU41,UTC5000S,RUNNING,R02AWC806,2200,048TPAW086,AAW048TP1041B,22-01-14 10:41,22-01-14 02:13,MXIC,TSOP1-48/M2,720,,1091A08T41,,R02AWC801,TSOP1-48/M2,MXIC,AAW048TP1041B,1091A08T41,85.1953,2022-01-14 10:41:03
BBU42,UTC5000S,RUNNING,R02AWGE20,2200,048TPAW103,AAW048TP1008B,22-01-14 12:18,22-01-14 02:18,MXIC,TSOP1-48/M2,720,,1091A08T41,,R02AWDY19,TSOP1-48/M2,MXIC,AAW048TP1008B,1091A08T41,72.006,2022-01-14 12:18:20
BBU43,UTC5000S,RUNNING,R02AWGE30,2200,048TPAW103,AAW048TP1008B,22-01-14 18:57,22-01-14 08:57,MXIC,TSOP1-48/M2,720,,1091A08T41,,R02AWDY21,TSOP1-48/M2,MXIC,AAW048TP1008B,1091A08T41,72.006,2022-01-14 18:57:37
BBU44,UTC5000S,RUNNING,R02MSCG03,2200,078EPMS004,AMS078EP1001A,22-01-14 22:44,22-01-14 02:27,MTI,FBGA-78UEP,5844,,1091A06T21,,R02MSAQ04,FBGA-78UEP,MTI,AMS078EP1001A,1091A06T21,246.8543,2022-01-14 22:44:29
BBU45,UTC5000S,RUNNING,R02AWGE07,2200,048TPAW103,AAW048TP1008B,22-01-14 09:14,22-01-13 23:14,MXIC,TSOP1-48/M2,720,,1091A08T41,,R02AWDY18,TSOP1-48/M2,MXIC,AAW048TP1008B,1091A08T41,72.006,2022-01-14 09:14:56
BBU46,UTC5000S,SETUP,R02AWC821,2200,048TPAW086,AAW048TP1041B,22-01-14 15:39,22-01-14 15:09,MXIC,TSOP1-48/M2,720,,1091A08T41,,R02AWC812,TSOP1-48/M2,MXIC,AAW048TP1041B,1091A08T41,85.1953,2022-01-14 17:43:59
BBU47,UTC5000S,RUNNING,R03MSHZ04,2200,096ECMS010,AMS096EC3001B,22-01-15 08:27,22-01-14 13:38,MTI,FBGA-96UEC,5568,,1091A06T21,,R03MSI302,FBGA-96UEC,MTI,AMS096EC3001B,1091A06T21,239.5637,2022-01-15 08:27:32
BBU48,UTC5000S,SETUP,R02AWGE28,2200,048TPAW103,AAW048TP1008B,22-01-14 15:56,22-01-14 15:26,MXIC,TSOP1-48/M2,720,01/14/2022 MP,1091A08T41,,R02AWGE04,TSOP1-48/M2,MXIC,AAW048TP1008B,1091A08T41,72.006,2022-01-14 17:57:06
BBU49,UTC5000S,RUNNING,R02AWGE29,2200,048TPAW103,AAW048TP1008B,22-01-14 17:55,22-01-14 07:55,MXIC,TSOP1-48/M2,720,01/15/2022 MP,1091A08T41,,R02AWGE02,TSOP1-48/M2,MXIC,AAW048TP1008B,1091A08T41,72.006,2022-01-14 17:55:24
BBU50,UTC5000S,RUNNING,R02AWB544,2200,048TPAW086,AAW048TP1041B,22-01-13 23:51,22-01-13 15:24,MXIC,TSOP1-48/M2,720,01/16/2022 MP,1091A08T41,,R02AWBG16,TSOP1-48/M2,MXIC,AAW048TP1041B,1091A08T41,85.1953,2022-01-13 23:51:47
BBU51,UTC5000S,RUNNING,R02AWCH15,2200,048TPAW086,AAW048TP1041B,22-01-14 16:20,22-01-14 07:53,MXIC,TSOP1-48/M2,720,01/17/2022 MP,1091A08T41,,R02AWCH21,TSOP1-48/M2,MXIC,AAW048TP1041B,1091A08T41,85.1953,2022-01-14 16:20:18
BBU52,UTC5000S,IDLE,,,,ANV345XTA010A,,22-01-14 08:33,,,,01/18/2022 MP,,,R02NVAD01,STBGA345UBC,PHISON,ANV345XTA010A,1091A07C41,87.7496,
BBU53,UTC5000S,RUNNING,R02AWCH16,2200,048TPAW086,AAW048TP1041B,22-01-14 08:17,22-01-13 23:50,MXIC,TSOP1-48/M2,720,01/19/2022 MP,1091A08T41,,R02AWB534,TSOP1-48/M2,MXIC,AAW048TP1041B,1091A08T41,85.1953,2022-01-14 08:17:33
BBU54,UTC5000S,IN-REPAIR,R02AWCH19,2200,048TPAW086,AAW048TP1041B,22-01-14 13:38:20,22-01-14 15:03,MXIC,TSOP1-48/M2,720,01/20/2022 MP,1091A08T41,,R02AWC802,TSOP1-48/M2,MXIC,AAW048TP1041B,1091A08T41,85.1953,2022-01-14 13:38:20
BBU55,UTC5000S,RUNNING,R02AWCP04,2200,016D5AW011,AAW016D53004A,22-01-14 16:23,22-01-14 04:38,MXIC,SSLGA16DOU,1251,01/21/2022 MP,,,R02AWC925,SSLGA16DOU,MXIC,AAW016D53004A,1091A08T41,107.6208,2022-01-14 16:23:25
BBU56,UTC5000S,RUNNING,R02AWCH33,2200,048TPAW086,AAW048TP1041B,22-01-14 15:29,22-01-14 07:02,MXIC,TSOP1-48/M2,720,01/29/2022 MP,1091A08T41,,R02AWCH05,TSOP1-48/M2,MXIC,AAW048TP1041B,1091A08T41,85.1953,2022-01-14 15:29:52
BBU57,UTC5000S,RUNNING,R02AWCH29,2200,048TPAW086,AAW048TP1041B,22-01-14 15:25,22-01-14 06:58,MXIC,TSOP1-48/M2,720,01/23/2022 MP,1091A08T41,,R02AWC803,TSOP1-48/M2,MXIC,AAW048TP1041B,1091A08T41,85.1953,2022-01-14 15:25:54
BBU58,UTC5000S,RUNNING,R02AWGA23,2200,048TPAW103,AAW048TP1008B,22-01-14 22:57,22-01-14 12:57,MXIC,TSOP1-48/M2,720,01/24/2022 MP,1091A08T41,,R02AWGA01,TSOP1-48/M2,MXIC,AAW048TP1008B,1091A08T41,72.006,2022-01-14 22:57:54
BBU59,UTC5000S,WAIT-SETUP,R02NVAD01,2200,345XTNV066,ANV345XTA010A,22-01-14 11:58:38,22-01-14 14:17,PHISON,STBGA345UBC,250,01/25/2022 MP,1091A07C41,Q,R02MSHU06,FBGA-96UEC,MTI,AMS096EC3001B,1091A06T21,87.7496,2022-01-14 11:58:38
BBU60,UTC5000S,RUNNING,R02AWC808,2200,048TPAW086,AAW048TP1041B,22-01-14 11:43,22-01-14 03:16,MXIC,TSOP1-48/M2,720,01/26/2022 MP,1091A08T41,,R02AWCH01,TSOP1-48/M2,MXIC,AAW048TP1041B,1091A08T41,85.1953,2022-01-14 11:43:31
BBU61,UTC5000S,RUNNING,R02AWCU31,2200,048TPAW103,AAW048TP1008B,22-01-13 21:45,22-01-13 11:45,MXIC,TSOP1-48/M2,720,01/27/2022 MP,1091A08T41,,R02AWBL33,TSOP1-48/M2,MXIC,AAW048TP1008B,1091A08T41,72.006,2022-01-13 21:45:37
BBU62,UTC5000S,RUNNING,R02AWC823,2200,048TPAW086,AAW048TP1041B,22-01-15 00:03,22-01-14 15:36,MXIC,TSOP1-48/M2,720,01/28/2022 MP,1091A08T41,,R02AWC809,TSOP1-48/M2,MXIC,AAW048TP1041B,1091A08T41,85.1953,2022-01-15 00:03:58
BBU63,UTC5000S,WAIT-REPAIR,R02AWET13,2200,048TPAW103,AAW048TP1008B,22-01-14 10:11:22,22-01-14 14:34,MXIC,TSOP1-48/M2,720,01/29/2022 MP,1091A08T41,,R02AWDY24,TSOP1-48/M2,MXIC,AAW048TP1008B,1091A08T41,72.006,2022-01-14 10:11:22
BBU64,UTC5000S,IDLE,,,,AMS096EC3001B,,22-01-12 11:49,,,,01/30/2022 MP,,,P53MSLL02,FBGA-96UEC,MTI,AMS096EC3001B,1091A06T21,239.5637,
BBU65,UTC5000S,RUNNING,R02AWGA18,2200,048TPAW103,AAW048TP1008B,22-01-14 21:01,22-01-14 11:01,MXIC,TSOP1-48/M2,720,01/31/2022 MP,1091A08T41,,R02AWET12,TSOP1-48/M2,MXIC,AAW048TP1008B,1091A08T41,72.006,2022-01-14 21:01:20
BBU66,UTC5000S,RUNNING,R02AWGE15,2200,048TPAW103,AAW048TP1008B,22-01-14 09:02,22-01-13 23:02,MXIC,TSOP1-48/M2,720,,1091A08T41,,R02AWDY20,TSOP1-48/M2,MXIC,AAW048TP1008B,1091A08T41,72.006,2022-01-14 09:02:36
BBU67,UTC5000S,RUNNING,R02AWC807,2200,048TPAW086,AAW048TP1041B,22-01-14 15:49,22-01-14 07:22,MXIC,TSOP1-48/M2,720,,1091A08T41,,R02AWB526,TSOP1-48/M2,MXIC,AAW048TP1041B,1091A08T41,85.1953,2022-01-14 15:49:18
BBU68,UTC5000S,RUNNING,R02AWGA21,2200,048TPAW103,AAW048TP1008B,22-01-14 23:37,22-01-14 13:37,MXIC,TSOP1-48/M2,720,,1091A08T41,,R02AWGE18,TSOP1-48/M2,MXIC,AAW048TP1008B,1091A08T41,72.006,2022-01-14 23:37:48
BBU69,UTC5000S,RUNNING,R02AWGA05,2200,048TPAW103,AAW048TP1008B,22-01-14 13:24,22-01-14 03:24,MXIC,TSOP1-48/M2,720,,1091A08T41,,R02AWDY28,TSOP1-48/M2,MXIC,AAW048TP1008B,1091A08T41,72.006,2022-01-14 13:24:19
BBU70,UTC5000S,RUNNING,R02AWGE27,2200,048TPAW103,AAW048TP1008B,22-01-14 18:14,22-01-14 08:14,MXIC,TSOP1-48/M2,720,,1091A08T41,,R02AWCU47,TSOP1-48/M2,MXIC,AAW048TP1008B,1091A08T41,72.006,2022-01-14 18:14:23
BBU71,UTC5000S,RUNNING,R02AWGE25,2200,048TPAW103,AAW048TP1008B,22-01-14 23:08,22-01-14 13:08,MXIC,TSOP1-48/M2,720,,1091A08T41,,R02AWCU48,TSOP1-48/M2,MXIC,AAW048TP1008B,1091A08T41,72.006,2022-01-14 23:08:31
BBU72,UTC5000S,RUNNING,R02AWGA10,2200,048TPAW103,AAW048TP1008B,22-01-14 23:10,22-01-14 13:10,MXIC,TSOP1-48/M2,720,,1091A08T41,,R02AWGE08,TSOP1-48/M2,MXIC,AAW048TP1008B,1091A08T41,72.006,2022-01-14 23:10:24
BBU73,UTC5000S,SETUP,R02AWGA11,2200,048TPAW103,AAW048TP1008B,22-01-14 16:06,22-01-14 15:36,MXIC,TSOP1-48/M2,720,,1091A08T41,,R02AWGE11,TSOP1-48/M2,MXIC,AAW048TP1008B,1091A08T41,72.006,2022-01-14 23:29:10
BBU74,UTC5000S,RUNNING,R02AWCT10,2200,016D5AW011,AAW016D53004A,22-01-14 22:39,22-01-14 11:13,MXIC,SSLGA16DOU,1217,,,,R02AWCI21,SSLGA16DOU,MXIC,AAW016D53004A,1091A08T41,107.6208,2022-01-14 22:39:11
BBU75,UTC5000S,RUNNING,R02AWC820,2200,048TPAW086,AAW048TP1041B,22-01-14 14:51,22-01-14 06:24,MXIC,TSOP1-48/M2,720,,1091A08T41,,R02AWCH06,TSOP1-48/M2,MXIC,AAW048TP1041B,1091A08T41,85.1953,2022-01-14 14:51:39
BBU76,UTC5000S,RUNNING,R02AWGA13,2200,048TPAW103,AAW048TP1008B,22-01-14 16:21,22-01-14 06:21,MXIC,TSOP1-48/M2,720,,1091A08T41,,R02AWET09,TSOP1-48/M2,MXIC,AAW048TP1008B,1091A08T41,72.006,2022-01-14 16:21:49
BBU77,UTC5000S,RUNNING,R02MSCW04,2200,078EPMS004,AMS078EP1001A,22-01-14 20:20,22-01-14 02:31,MTI,FBGA-78UEP,5128,,,,R02MSAP03,FBGA-78UEP,MTI,AMS078EP1001A,1091A06T21,246.8543,2022-01-14 20:20:09
BBU78,UTC5000S,IDLE,,,,AMS078EP1001A,,22-01-14 11:25,,,,,,,R02MSAX04,FBGA-78UEP,MTI,AMS078EP1001A,1091A06T21,246.8543,
BBU79,UTC5000S,RUNNING,R02AWGA08,2200,048TPAW103,AAW048TP1008B,22-01-14 16:36,22-01-14 06:36,MXIC,TSOP1-48/M2,720,01/14/2022 MP,1091A08T41,,R02AWET06,TSOP1-48/M2,MXIC,AAW048TP1008B,1091A08T41,72.006,2022-01-14 16:36:23
BBU80,UTC5000S,RUNNING,R02AWGA07,2200,048TPAW103,AAW048TP1008B,22-01-14 16:34,22-01-14 06:34,MXIC,TSOP1-48/M2,720,01/15/2022 MP,1091A08T41,,R02AWGE13,TSOP1-48/M2,MXIC,AAW048TP1008B,1091A08T41,72.006,2022-01-14 16:34:12
BBU81,UTC5000S,RUNNING,R02AWGE47,2200,048TPAW103,AAW048TP1008B,22-01-15 01:07,22-01-14 15:07,MXIC,TSOP1-48/M2,720,01/16/2022 MP,1091A08T41,,R02AWGE12,TSOP1-48/M2,MXIC,AAW048TP1008B,1091A08T41,72.006,2022-01-15 01:07:19
BBU82,UTC5000S,QC,R02AWGE34,2200,048TPAW103,AAW048TP1008B,,,MXIC,TSOP1-48/M2,720,01/17/2022 MP,1091A08T41,,R02AWET10,TSOP1-48/M2,MXIC,AAW048TP1008B,1091A08T41,72.006,2022-01-14 16:41:26
BBU83,UTC5000S,RUNNING,R02AWC915,2200,016D5AW011,AAW016D53004A,22-01-14 14:47,22-01-14 03:23,MXIC,SSLGA16DOU,1213,01/18/2022 MP,1091A08T41,,R02AWBF47,TSOP1-48/M2,MXIC,AAW048TP1008B,1091A08T41,107.6208,2022-01-14 14:47:25
BBU84,UTC5000S,RUNNING,R02AWGE37,2200,048TPAW103,AAW048TP1008B,22-01-14 16:45,22-01-14 06:45,MXIC,TSOP1-48/M2,720,01/19/2022 MP,1091A08T41,,R02AWET08,TSOP1-48/M2,MXIC,AAW048TP1008B,1091A08T41,72.006,2022-01-14 16:45:27
BBU85,UTC5000S,RUNNING,R02AWCH24,2200,048TPAW086,AAW048TP1041B,22-01-14 06:59,22-01-13 22:32,MXIC,TSOP1-48/M2,720,01/20/2022 MP,1091A08T41,,R02AWBG23,TSOP1-48/M2,MXIC,AAW048TP1041B,1091A08T41,85.1953,2022-01-14 06:59:23
BBU86,UTC5000S,ENG,R02AWCP22,2200,016D5AW011,AAW016D53004A,22-01-14 15:38,22-01-14 15:38,MXIC,SSLGA16DOU,1231,01/21/2022 MP,,,R02AWCI14,SSLGA16DOU,MXIC,AAW016D53004A,1091A08T41,107.6208,2022-01-14 22:34:33
BBU87,UTC5000S,RUNNING,R02AWGE32,2200,048TPAW103,AAW048TP1008B,22-01-14 16:35,22-01-14 06:35,MXIC,TSOP1-48/M2,720,01/30/2022 MP,1091A08T41,,R02AWGE05,TSOP1-48/M2,MXIC,AAW048TP1008B,1091A08T41,72.006,2022-01-14 16:35:33
BBU88,UTC5000S,RUNNING,R02AWGA14,2200,048TPAW103,AAW048TP1008B,22-01-15 00:16,22-01-14 14:16,MXIC,TSOP1-48/M2,720,01/23/2022 MP,1091A08T41,,R02AWET04,TSOP1-48/M2,MXIC,AAW048TP1008B,1091A08T41,72.006,2022-01-15 00:16:34
BBU89,UTC5000S,RUNNING,R02AWGE31,2200,048TPAW103,AAW048TP1008B,22-01-14 16:33,22-01-14 06:33,MXIC,TSOP1-48/M2,720,01/24/2022 MP,1091A08T41,,R02AWET01,TSOP1-48/M2,MXIC,AAW048TP1008B,1091A08T41,72.006,2022-01-14 16:33:03
BBU90,UTC5000S,RUNNING,R02AWCP23,2200,016D5AW011,AAW016D53004A,22-01-14 20:00,22-01-14 08:13,MXIC,SSLGA16DOU,1254,01/25/2022 MP,,,R02AWBJ27,SSLGA16DOU,MXIC,AAW016D53004A,1091A08T41,107.6208,2022-01-14 20:00:01
BBU91,UTC5000S,RUNNING,R02AWCH14,2200,048TPAW086,AAW048TP1041B,22-01-14 15:17,22-01-14 06:50,MXIC,TSOP1-48/M2,720,01/26/2022 MP,1091A08T41,,R02AWB517,TSOP1-48/M2,MXIC,AAW048TP1041B,1091A08T41,85.1953,2022-01-14 15:17:15
BBU92,UTC5000S,RUNNING,R02AWCP18,2200,016D5AW011,AAW016D53004A,22-01-14 21:03,22-01-14 09:18,MXIC,SSLGA16DOU,1251,01/27/2022 MP,,,R02AWBM16,SSLGA16DOU,MXIC,AAW016D53004A,1091A08T41,107.6208,2022-01-14 21:03:07
BBU93,UTC5000S,RUNNING,R02AWGE36,2200,048TPAW103,AAW048TP1008B,22-01-14 18:25,22-01-14 08:25,MXIC,TSOP1-48/M2,720,01/28/2022 MP,1091A08T41,,R02AWET05,TSOP1-48/M2,MXIC,AAW048TP1008B,1091A08T41,72.006,2022-01-14 18:25:47
BBU94,UTC5000S,RUNNING,R02MSCV01,2200,078EPMS004,AMS078EP1001A,22-01-14 11:40,22-01-13 15:34,MTI,FBGA-78UEP,5795,01/29/2022 MP,,,R02MSAD04,FBGA-78UEP,MTI,AMS078EP1001A,1091A06T21,246.8543,2022-01-14 11:40:53
BBU95,UTC5000S,RUNNING,R02AWCI25,2200,016D5AW011,AAW016D53004A,22-01-14 12:23,22-01-14 01:13,MXIC,SSLGA16DOU,1189,01/30/2022 MP,1091A08T41,,R02AWBM18,SSLGA16DOU,MXIC,AAW016D53004A,1091A08T41,107.6208,2022-01-14 12:23:35
BBU96,UTC5000S,RUNNING,R02AWCP10,2200,016D5AW011,AAW016D53004A,22-01-15 00:19,22-01-14 12:41,MXIC,SSLGA16DOU,1239,01/31/2022 MP,,,R02AWCI17,SSLGA16DOU,MXIC,AAW016D53004A,1091A08T41,107.6208,2022-01-15 00:19:24
BBU97,UTC5000S,RUNNING,R02AWGE16,2200,048TPAW103,AAW048TP1008B,22-01-14 19:13,22-01-14 09:13,MXIC,TSOP1-48/M2,720,,1091A08T41,,R02AWCU39,TSOP1-48/M2,MXIC,AAW048TP1008B,1091A08T41,72.006,2022-01-14 19:13:04
BBU98,UTC5000S,RUNNING,R02AWGE41,2200,048TPAW103,AAW048TP1008B,22-01-15 01:09,22-01-14 15:09,MXIC,TSOP1-48/M2,720,,1091A08T41,,R02AWGA04,TSOP1-48/M2,MXIC,AAW048TP1008B,1091A08T41,72.006,2022-01-15 01:09:03
BBU99,UTC5000S,RUNNING,R02AWCP20,2200,016D5AW011,AAW016D53004A,22-01-15 02:19,22-01-14 14:47,MXIC,SSLGA16DOU,1228,,,,R02AWBM24,SSLGA16DOU,MXIC,AAW016D53004A,1091A08T41,107.6208,2022-01-15 02:19:18
BBUA1,UTC5000S,RUNNING,R02AWCP01,2200,016D5AW011,AAW016D53004A,22-01-14 20:21,22-01-14 08:45,MXIC,SSLGA16DOU,1235,,,,R02AWBM21,SSLGA16DOU,MXIC,AAW016D53004A,1091A08T41,107.6208,2022-01-14 20:21:09
BBUA2,UTC5000S,RUNNING,R02AWCT05,2200,016D5AW011,AAW016D53004A,22-01-15 01:28,22-01-14 14:01,MXIC,SSLGA16DOU,1219,,,,R02AWCI18,SSLGA16DOU,MXIC,AAW016D53004A,1091A08T41,107.6208,2022-01-15 01:28:08
BBUA3,UTC5000S,RUNNING,R02AWDY30,2200,048TPAW103,AAW048TP1008B,22-01-14 02:53,22-01-13 16:53,MXIC,TSOP1-48/M2,720,,1091A08T41,,R02AWDY09,TSOP1-48/M2,MXIC,AAW048TP1008B,1091A08T41,72.006,2022-01-14 02:53:24
BBUA4,UTC5000S,RUNNING,R03MSI202,2200,096ECMS010,AMS096EC3001B,22-01-15 08:32,22-01-14 13:53,MTI,FBGA-96UEC,5520,,1091A06T21,,R03MSI702,FBGA-96UEC,MTI,AMS096EC3001B,1091A06T21,239.5637,2022-01-15 08:32:48
BBUA5,UTC5000S,RUNNING,R02AWGA02,2200,048TPAW103,AAW048TP1008B,22-01-14 12:06,22-01-14 02:06,MXIC,TSOP1-48/M2,720,,1091A08T41,,R02AWDY26,TSOP1-48/M2,MXIC,AAW048TP1008B,1091A08T41,72.006,2022-01-14 12:06:30
BBUA6,UTC5000S,RUNNING,R02AWBM12,2200,016D5AW011,AAW016D53004A,22-01-14 13:59,22-01-14 02:30,MXIC,SSLGA16DOU,1224,,1091A08T41,,R02AWBM07,SSLGA16DOU,MXIC,AAW016D53004A,1091A08T41,107.6208,2022-01-14 13:59:57
BBUA7,UTC5000S,RUNNING,R02AWCT11,2200,016D5AW011,AAW016D53004A,22-01-15 02:29,22-01-14 14:50,MXIC,SSLGA16DOU,1242,,,,R02AWCI19,SSLGA16DOU,MXIC,AAW016D53004A,1091A08T41,107.6208,2022-01-15 02:29:57
BBUA8,UTC5000S,RUNNING,R02AWGA22,2200,048TPAW103,AAW048TP1008B,22-01-15 01:10,22-01-14 15:10,MXIC,TSOP1-48/M2,720,,1091A08T41,,R02AWGE23,TSOP1-48/M2,MXIC,AAW048TP1008B,1091A08T41,72.006,2022-01-15 01:10:22
BBUA9,UTC5000S,RUNNING,R02AWGA03,2200,048TPAW103,AAW048TP1008B,22-01-14 12:18,22-01-14 02:18,MXIC,TSOP1-48/M2,720,,1091A08T41,,R02AWDY31,TSOP1-48/M2,MXIC,AAW048TP1008B,1091A08T41,72.006,2022-01-14 12:18:55
BBUB1,UTC5000S,RUNNING,R02AWCI11,2200,016D5AW011,AAW016D53004A,22-01-14 16:11,22-01-14 04:16,MXIC,SSLGA16DOU,1269,,1091A08T41,,R02AWBM23,SSLGA16DOU,MXIC,AAW016D53004A,1091A08T41,107.6208,2022-01-14 16:11:24
BBUB2,UTC5000S,RUNNING,R02AWCI24,2200,016D5AW011,AAW016D53004A,22-01-14 16:51,22-01-14 05:00,MXIC,SSLGA16DOU,1261,01/14/2022 MP,1091A08T41,,R02AWBM26,SSLGA16DOU,MXIC,AAW016D53004A,1091A08T41,107.6208,2022-01-14 16:51:11
BBUB3,UTC5000S,RUNNING,R02AWCP07,2200,016D5AW011,AAW016D53004A,22-01-15 02:23,22-01-14 14:33,MXIC,SSLGA16DOU,1260,01/15/2022 MP,,,R02AWC918,SSLGA16DOU,MXIC,AAW016D53004A,1091A08T41,107.6208,2022-01-15 02:23:03
BBUB4,UTC5000S,WAIT-REPAIR,R02AWCI15,2200,016D5AW011,AAW016D53004A,22-01-14 09:50:15,22-01-14 15:30,MXIC,SSLGA16DOU,1255,01/16/2022 MP,1091A08T41,,R02AWBM09,SSLGA16DOU,MXIC,AAW016D53004A,1091A08T41,107.6208,2022-01-14 09:50:15
BBUB5,UTC5000S,RUNNING,R02AWCI26,2200,016D5AW011,AAW016D53004A,22-01-14 13:54,22-01-14 02:00,MXIC,SSLGA16DOU,1268,01/17/2022 MP,1091A08T41,,R02AWBM17,SSLGA16DOU,MXIC,AAW016D53004A,1091A08T41,107.6208,2022-01-14 13:54:33
BBUB6,UTC5000S,RUNNING,R02AWCI22,2200,016D5AW011,AAW016D53004A,22-01-14 20:05,22-01-14 08:17,MXIC,SSLGA16DOU,1256,01/18/2022 MP,1091A08T41,,R02AWC910,SSLGA16DOU,MXIC,AAW016D53004A,1091A08T41,107.6208,2022-01-14 20:05:09
BBUB7,UTC5000S,RUNNING,R02MSA802,2200,078EPMS004,AMS078EP1001A,22-01-15 02:59,22-01-13 14:17,MTI,FBGA-78UEP,5658,01/19/2022 MP,1091A06T21,,R02MSAL04,FBGA-78UEP,MTI,AMS078EP1001A,1091A06T21,246.8543,2022-01-15 02:59:42
